[gd_scene load_steps=57 format=2]

[ext_resource path="res://Assets/Boat/M_Boat.material" type="Material" id=1]
[ext_resource path="res://Scripts/Vehicle.cs" type="Script" id=2]
[ext_resource path="res://Scripts/VehicleDamageManager.cs" type="Script" id=3]
[ext_resource path="res://Assets/Boat/ΚαικιΗιγη_lambert1_Normal.png" type="Texture" id=4]
[ext_resource path="res://Assets/Boat/BoatWingL_Dest.tres" type="ArrayMesh" id=5]
[ext_resource path="res://Assets/Boat/BoatWingR_Dest.tres" type="ArrayMesh" id=6]
[ext_resource path="res://Assets/Boat/BoatWindDetector.obj" type="ArrayMesh" id=7]
[ext_resource path="res://Scenes/Vehicles/HoverParticles.tscn" type="PackedScene" id=8]
[ext_resource path="res://Scripts/WindDetector.cs" type="Script" id=9]
[ext_resource path="res://Assets/Boat/Boat_WingL.tres" type="ArrayMesh" id=10]
[ext_resource path="res://Assets/Boat/BoatWingR.tres" type="ArrayMesh" id=11]
[ext_resource path="res://Assets/Sounds/Engine/Engine.ogg" type="AudioStream" id=12]
[ext_resource path="res://Assets/Sounds/Engine/Engine3.ogg" type="AudioStream" id=13]
[ext_resource path="res://Scenes/HUD/ActionComponent.tscn" type="PackedScene" id=14]
[ext_resource path="res://Assets/Boat/Kaiki.obj" type="ArrayMesh" id=15]
[ext_resource path="res://Assets/Boat/ΚαικιΗιγη_lambert1_BaseColor.png" type="Texture" id=16]
[ext_resource path="res://Assets/Boat/ΚαικιΗιγη_lambert1_OcclusionRoughnessMetallic.png" type="Texture" id=17]
[ext_resource path="res://shaders/OutlineShader.tres" type="Material" id=18]
[ext_resource path="res://Assets/TerainTex/Fabric045_1K-JPG/Fabric045_1K-JPG_AmbientOcclusion.jpg" type="Texture" id=19]
[ext_resource path="res://Assets/Boat/Parts/Sails.obj" type="ArrayMesh" id=20]
[ext_resource path="res://Assets/TerainTex/PaintedWood008C_1K-JPG/PaintedWood008C_1K-JPG_AmbientOcclusion.jpg" type="Texture" id=21]
[ext_resource path="res://Assets/TerainTex/PaintedWood008C_1K-JPG/PaintedWood008C_1K-JPG_NormalGL.jpg" type="Texture" id=22]
[ext_resource path="res://Assets/TerainTex/PaintedWood008C_1K-JPG/PaintedWood008C_1K-JPG_Roughness.jpg" type="Texture" id=23]
[ext_resource path="res://Assets/TerainTex/PaintedWood008C_1K-JPG/PaintedWood008C_1K-JPG_Color.jpg" type="Texture" id=24]
[ext_resource path="res://Assets/TerainTex/Fabric045_1K-JPG/Fabric045_1K-JPG_Color.jpg" type="Texture" id=25]
[ext_resource path="res://Assets/TerainTex/Fabric045_1K-JPG/Fabric045_1K-JPG_Roughness.jpg" type="Texture" id=26]
[ext_resource path="res://Assets/TerainTex/Fabric045_1K-JPG/Fabric045_1K-JPG_NormalGL.jpg" type="Texture" id=27]
[ext_resource path="res://Assets/Boat/BoatFabric2.tres" type="Material" id=28]

[sub_resource type="PhysicsMaterial" id=1]
friction = 0.0

[sub_resource type="Curve" id=7]
min_value = -6.0
max_value = 6.0
_data = [ Vector2( 0, 6 ), 0.0, 0.0, 0, 0, Vector2( 0.355023, 5.96319 ), 0.0, 0.0, 0, 0, Vector2( 0.674242, -6 ), 0.0, 0.0, 0, 0, Vector2( 1, -6 ), 0.0, 0.0, 0, 0 ]

[sub_resource type="Curve" id=9]
_data = [ Vector2( 0, 0 ), 0.0, 0.0, 0, 0, Vector2( 0.2201, 0.395705 ), 0.0, 0.0, 0, 0, Vector2( 1, 0.1 ), 0.0, 0.0, 0, 0 ]

[sub_resource type="SpatialMaterial" id=44]
resource_local_to_scene = true
albedo_texture = ExtResource( 16 )
roughness_texture = ExtResource( 17 )
roughness_texture_channel = 1
normal_enabled = true
normal_scale = -1.0
normal_texture = ExtResource( 4 )
ao_enabled = true
ao_light_affect = 1.0
ao_texture = ExtResource( 17 )
ao_on_uv2 = false
ao_texture_channel = 0

[sub_resource type="SpatialMaterial" id=111]
params_cull_mode = 2
albedo_color = Color( 0.631373, 0.564706, 0.34902, 1 )
albedo_texture = ExtResource( 25 )
roughness_texture = ExtResource( 26 )
roughness_texture_channel = 4
normal_enabled = true
normal_scale = 1.0
normal_texture = ExtResource( 27 )
ao_enabled = true
ao_light_affect = 1.0
ao_texture = ExtResource( 19 )
ao_on_uv2 = false
ao_texture_channel = 0

[sub_resource type="SpatialMaterial" id=112]
albedo_texture = ExtResource( 24 )
roughness_texture = ExtResource( 23 )
roughness_texture_channel = 4
normal_enabled = true
normal_scale = 1.0
normal_texture = ExtResource( 22 )
ao_enabled = true
ao_light_affect = 1.0
ao_texture = ExtResource( 21 )
ao_on_uv2 = false
ao_texture_channel = 4

[sub_resource type="CapsuleShape" id=8]
radius = 3.11783
height = 21.3571

[sub_resource type="CylinderShape" id=113]
height = 15.986
radius = 0.530287

[sub_resource type="CylinderShape" id=115]
height = 10.3297
radius = 0.274704

[sub_resource type="CylinderShape" id=114]
height = 8.90303
radius = 0.530287

[sub_resource type="BoxShape" id=32]
extents = Vector3( 0.366748, 0.297252, 0.302782 )

[sub_resource type="SphereShape" id=41]
radius = 2.5

[sub_resource type="Curve" id=108]
_data = [ Vector2( 0, 0 ), 0.0, 0.0, 0, 0, Vector2( 0.27535, 1 ), 0.0, 0.0, 0, 0, Vector2( 1, 0.1 ), 0.0, 0.0, 0, 0 ]

[sub_resource type="CurveTexture" id=105]
curve = SubResource( 108 )

[sub_resource type="ParticlesMaterial" id=37]
resource_local_to_scene = true
lifetime_randomness = 0.46
trail_divisor = 11
emission_shape = 1
emission_sphere_radius = 0.4
direction = Vector3( 0, 1, 0 )
spread = 0.0
gravity = Vector3( 0, 0, 0 )
initial_velocity = 60.0
initial_velocity_random = 0.1
angular_velocity = 40.0
angular_velocity_random = 1.0
linear_accel = 6.6
linear_accel_random = 0.23
angle = 360.0
angle_random = 1.0
scale = 5.0
scale_random = 0.8
scale_curve = SubResource( 105 )

[sub_resource type="SpatialMaterial" id=109]
render_priority = 1
flags_unshaded = true
vertex_color_use_as_albedo = true
params_blend_mode = 1
params_depth_draw_mode = 3
params_billboard_mode = 3
params_use_alpha_scissor = true
params_alpha_scissor_threshold = 0.98
particles_anim_h_frames = 1
particles_anim_v_frames = 1
particles_anim_loop = false
albedo_color = Color( 1, 0.301961, 0.027451, 1 )

[sub_resource type="QuadMesh" id=28]
resource_local_to_scene = true
material = SubResource( 109 )

[sub_resource type="ParticlesMaterial" id=38]
resource_local_to_scene = true
lifetime_randomness = 0.46
trail_divisor = 11
emission_shape = 1
emission_sphere_radius = 0.4
direction = Vector3( 0, 1, 0 )
spread = 0.0
gravity = Vector3( 0, 0, 0 )
initial_velocity = 60.0
initial_velocity_random = 0.1
angular_velocity = 40.0
angular_velocity_random = 1.0
linear_accel = 6.6
linear_accel_random = 0.23
angle = 360.0
angle_random = 1.0
scale = 5.0
scale_random = 0.8
scale_curve = SubResource( 105 )

[sub_resource type="ParticlesMaterial" id=39]
resource_local_to_scene = true
lifetime_randomness = 0.46
trail_divisor = 11
emission_shape = 1
emission_sphere_radius = 0.4
direction = Vector3( 0, 1, 0 )
spread = 0.0
gravity = Vector3( 0, 0, 0 )
initial_velocity = 60.0
initial_velocity_random = 0.1
angular_velocity = 40.0
angular_velocity_random = 1.0
linear_accel = 6.6
linear_accel_random = 0.23
angle = 360.0
angle_random = 1.0
scale = 5.0
scale_random = 0.8
scale_curve = SubResource( 105 )

[sub_resource type="Curve" id=104]
_data = [ Vector2( 0, 0 ), 0.0, 0.0, 0, 0, Vector2( 0.275, 0.745454 ), 0.0, 0.0, 0, 0, Vector2( 1, 0.1 ), 0.0, 0.0, 0, 0 ]

[sub_resource type="CurveTexture" id=110]
curve = SubResource( 104 )

[sub_resource type="ParticlesMaterial" id=40]
resource_local_to_scene = true
lifetime_randomness = 0.46
trail_divisor = 11
emission_shape = 1
emission_sphere_radius = 0.4
direction = Vector3( 0, 1, 0 )
spread = 0.0
gravity = Vector3( 0, 0, 0 )
initial_velocity = 60.0
initial_velocity_random = 0.1
angular_velocity = 40.0
angular_velocity_random = 1.0
linear_accel = 6.6
linear_accel_random = 0.23
angle = 360.0
angle_random = 1.0
scale = 5.0
scale_random = 0.8
scale_curve = SubResource( 110 )

[sub_resource type="Animation" id=18]
length = 0.001

[sub_resource type="Animation" id=17]
resource_name = "Wings"

[sub_resource type="Animation" id=19]
resource_name = "WingsOut"

[sub_resource type="CylinderMesh" id=31]
top_radius = 0.2
bottom_radius = 0.1
height = 0.5
radial_segments = 10

[sub_resource type="CylinderMesh" id=34]
top_radius = 0.404
height = 4.394
radial_segments = 8
rings = 0

[sub_resource type="CylinderMesh" id=33]
bottom_radius = 0.0
height = 4.155
radial_segments = 8
rings = 0

[node name="Vehicle" type="Spatial"]
pause_mode = 1

[node name="VehicleDamageManager" type="Spatial" parent="."]
transform = Transform( 1, -5.52518e-11, 5.82077e-11, 7.38964e-11, 1, 0, 0, 0, 1, 0, 0, 0 )
script = ExtResource( 3 )

[node name="VehicleBody" type="RigidBody" parent="." groups=["Interactables"]]
collision_layer = 528
collision_mask = 804
mass = 40.0
physics_material_override = SubResource( 1 )
contacts_reported = 4
contact_monitor = true
can_sleep = false
linear_damp = 1.0
angular_damp = 10.0
script = ExtResource( 2 )
speed = 200000.0
turnspeed = 900000.0
HoverForce = 4000
JumpForce = 350
forcecurve = SubResource( 7 )
Hoverforcecurve = SubResource( 9 )
LeftWingMesh = ExtResource( 10 )
LeftDestWingMesh = ExtResource( 5 )
RightWingMesh = ExtResource( 11 )
RightDestWingMesh = ExtResource( 6 )

[node name="MeshInstance" type="MeshInstance" parent="VehicleBody"]
transform = Transform( 1, -5.50244e-11, 0, 1.32104e-10, 1, 0, 0, -3.46945e-18, 1, 0, 2.199, 0 )
material_override = SubResource( 44 )
material_overlay = ExtResource( 18 )
mesh = ExtResource( 15 )

[node name="MeshInstance5" type="MeshInstance" parent="VehicleBody"]
transform = Transform( 1, 0, 0, 0, 1, 0, 0, 0, 1, 0, 2.199, 0 )
mesh = ExtResource( 20 )
material/0 = ExtResource( 28 )
material/1 = SubResource( 111 )
material/2 = SubResource( 112 )

[node name="WindDetector" type="MeshInstance" parent="VehicleBody"]
transform = Transform( 0.0239615, 0.00172045, -0.999714, -0.000419281, 1, 0.00171089, 0.999717, 0.000378179, 0.0239623, -0.0573806, 4.83131, 9.57226 )
mesh = ExtResource( 7 )
script = ExtResource( 9 )

[node name="CollisionShape" type="CollisionShape" parent="VehicleBody"]
transform = Transform( 1, -2.88026e-10, 1.16415e-10, 1.56888e-11, 1, -4.65661e-10, 0, 4.65661e-10, 1, 0.000144172, 1.23038, -1.05494 )
shape = SubResource( 8 )

[node name="CollisionShape7" type="CollisionShape" parent="VehicleBody"]
transform = Transform( 0.999993, 0.000780266, -0.00368827, -1.49438e-10, 0.978347, 0.206973, 0.0037699, -0.206971, 0.97834, 0.000144184, 12.4954, -2.76233 )
shape = SubResource( 113 )

[node name="CollisionShape9" type="CollisionShape" parent="VehicleBody"]
transform = Transform( -0.999896, -0.0144333, 0, -0.00831198, 0.57583, 0.817527, -0.0117996, 0.817442, -0.57589, 0.000144184, 7.77133, 14.5198 )
shape = SubResource( 115 )

[node name="CollisionShape8" type="CollisionShape" parent="VehicleBody"]
transform = Transform( 0.993677, 0.0492724, -0.10089, 0.0428084, 0.664434, 0.74612, 0.103798, -0.745721, 0.658123, -0.526399, 19.071, -8.20243 )
shape = SubResource( 114 )

[node name="CollisionShape2" type="CollisionShape" parent="VehicleBody"]
transform = Transform( 1, -7.55222e-10, 1.33878e-09, 1.91221e-10, 1, 1.74623e-09, -8.14907e-10, -1.74623e-09, 1, 0.00648252, 6.04512, 13.7507 )
shape = SubResource( 32 )

[node name="SteeringWheel" type="Spatial" parent="VehicleBody"]
transform = Transform( 1, 0, 0, 0, 1, 0, 0, 0, 1, 1.37488e-09, -1.81627e-19, -11.8102 )

[node name="CollisionShape3" type="CollisionShape" parent="VehicleBody"]
transform = Transform( 0.999999, 6.19025e-11, 6.40284e-10, 3.65787e-10, 1, -8.14907e-10, -1.74623e-10, 8.14907e-10, 1, 6.45562, -0.700645, 11.1725 )
shape = SubResource( 41 )

[node name="CollisionShape4" type="CollisionShape" parent="VehicleBody"]
transform = Transform( 0.999999, -1.45013e-09, 3.0268e-09, -2.89123e-09, 1, -6.28643e-09, -2.73576e-09, 3.37604e-09, 1, -6.33755, -0.544391, 11.0606 )
shape = SubResource( 41 )

[node name="CollisionShape5" type="CollisionShape" parent="VehicleBody"]
transform = Transform( 0.999999, -7.49537e-10, 4.07454e-09, -4.98534e-09, 1, -9.66247e-09, -3.84171e-09, 6.75209e-09, 1, -7.0009, -0.543089, -9.00144 )
shape = SubResource( 41 )

[node name="CollisionShape6" type="CollisionShape" parent="VehicleBody"]
transform = Transform( 0.999999, -9.82538e-10, 4.19095e-09, -4.63615e-09, 1, -9.42964e-09, -3.7835e-09, 6.51926e-09, 1, 6.99911, -0.543089, -9.00144 )
shape = SubResource( 41 )

[node name="RemoteTransform" type="RemoteTransform" parent="VehicleBody"]
transform = Transform( 0.999999, -5.50244e-11, 1.16415e-10, 1.32729e-10, 1, 0, 0, 0, 1, 6.45562, 0.797841, 11.1725 )
remote_path = NodePath("../../RayFL")
update_rotation = false
update_scale = false

[node name="RemoteTransform2" type="RemoteTransform" parent="VehicleBody"]
transform = Transform( 1, -1.39221e-09, 2.96859e-09, -2.94995e-09, 1, -5.82077e-09, -2.73576e-09, 2.91038e-09, 1, -6.33755, 0.798699, 11.0606 )
remote_path = NodePath("../../RayFR")
update_rotation = false
update_scale = false

[node name="RemoteTransform3" type="RemoteTransform" parent="VehicleBody"]
transform = Transform( 1, 5.28928e-10, 1.22236e-09, -1.78755e-09, 1, -3.37604e-09, -1.10595e-09, 3.37604e-09, 1, -7, 0.8, -9 )
remote_path = NodePath("../../RayBR")
update_rotation = false
update_scale = false

[node name="RemoteTransform4" type="RemoteTransform" parent="VehicleBody"]
transform = Transform( 1, 2.95699e-10, 1.33878e-09, -1.43837e-09, 1, -3.14321e-09, -1.04774e-09, 3.14321e-09, 1, 7, 0.8, -9 )
remote_path = NodePath("../../RayBL")
update_rotation = false
update_scale = false

[node name="CharacterRemoteTransform" type="RemoteTransform" parent="VehicleBody"]
transform = Transform( 1, 1.45854e-05, -1.55321e-05, -1.49394e-05, 0.999735, -0.0230712, 1.51924e-05, 0.0230712, 0.999735, -0.0029084, 3.75981, -8.45704 )
update_rotation = false
update_scale = false

[node name="CharacterRemoteTransform2" type="RemoteTransform" parent="VehicleBody"]
transform = Transform( 1, 1.45854e-05, -1.5532e-05, -1.49397e-05, 0.999735, -0.0230712, 1.51922e-05, 0.0230712, 0.999735, -0.0029084, 3.75981, -8.45704 )
update_position = false
update_scale = false

[node name="ExaustParticlesL" type="Particles" parent="VehicleBody"]
transform = Transform( 1, -0.00130579, 2.59311e-05, -2.59345e-05, 3.93833e-07, 1, -0.00130579, -1, 3.68571e-07, 3.67965, 1.35407, -9.74694 )
emitting = false
amount = 200
lifetime = 0.5
randomness = 1.0
visibility_aabb = AABB( -17.8206, -24.3812, -12.3799, 35.6412, 48.7623, 24.7598 )
draw_order = 2
process_material = SubResource( 37 )
draw_pass_1 = SubResource( 28 )

[node name="EngineSound" type="AudioStreamPlayer3D" parent="VehicleBody/ExaustParticlesL"]
stream = ExtResource( 13 )
unit_db = 10.0
pitch_scale = 0.58
area_mask = 4

[node name="ExaustParticlesLSteer" type="Particles" parent="VehicleBody"]
transform = Transform( 0.708031, 0.706184, 0.000970028, -0.000588456, -0.000783644, 1, 0.706184, -0.708031, -0.000139274, 5.88695, -0.250126, -0.282572 )
sorting_offset = -2.354
emitting = false
amount = 200
lifetime = 0.5
randomness = 1.0
visibility_aabb = AABB( -17.8206, -24.3812, -12.3799, 35.6412, 48.7623, 24.7598 )
draw_order = 2
process_material = SubResource( 38 )
draw_pass_1 = SubResource( 28 )

[node name="EngineSound" type="AudioStreamPlayer3D" parent="VehicleBody/ExaustParticlesLSteer"]
stream = ExtResource( 12 )
unit_db = 25.0
max_db = -24.0
pitch_scale = 1.2
area_mask = 4

[node name="ExaustParticlesRSteer" type="Particles" parent="VehicleBody"]
transform = Transform( 0.706186, -0.708031, -0.000542905, 0.000926228, 0.000157029, 1, -0.708031, -0.706186, 0.000766693, -6.29818, -0.332384, -0.274872 )
emitting = false
amount = 200
lifetime = 0.5
randomness = 1.0
visibility_aabb = AABB( -17.8206, -24.3812, -12.3799, 35.6412, 48.7623, 24.7598 )
draw_order = 2
process_material = SubResource( 39 )
draw_pass_1 = SubResource( 28 )

[node name="EngineSound" type="AudioStreamPlayer3D" parent="VehicleBody/ExaustParticlesRSteer"]
stream = ExtResource( 12 )
unit_db = 25.0
max_db = -24.0
pitch_scale = 1.2
area_mask = 4

[node name="ExaustParticlesR" type="Particles" parent="VehicleBody"]
transform = Transform( 1, -0.00130579, 2.59312e-05, -2.59345e-05, 3.93833e-07, 1, -0.00130579, -1, 3.68338e-07, -3.733, 1.047, -9.747 )
emitting = false
amount = 200
lifetime = 0.5
randomness = 1.0
visibility_aabb = AABB( -17.1728, -26.8771, -7.68229, 34.3456, 53.754, 15.3646 )
draw_order = 2
process_material = SubResource( 40 )
draw_pass_1 = SubResource( 28 )

[node name="EngineSound" type="AudioStreamPlayer3D" parent="VehicleBody/ExaustParticlesR"]
stream = ExtResource( 13 )
unit_db = 10.0
area_mask = 4
attenuation_filter_db = 0.0

[node name="AnimationPlayer" type="AnimationPlayer" parent="VehicleBody"]
reset_on_save = false
anims/RESET = SubResource( 18 )
anims/Wings = SubResource( 17 )
anims/WingsOut = SubResource( 19 )

[node name="MeshInstance2" type="MeshInstance" parent="VehicleBody"]
transform = Transform( 1, -0.00022008, -0.00144871, -0.00145632, -0.258818, -0.965926, -0.000162362, 0.965927, -0.258818, 0.0113567, 6.12427, 13.7928 )
mesh = SubResource( 31 )

[node name="SpotLight" type="SpotLight" parent="VehicleBody/MeshInstance2"]
transform = Transform( 0.999998, -0.000111042, -0.00137818, -0.00138151, -0.12076, -0.992681, -5.62005e-05, 0.992682, -0.12076, 0.000247595, 0.441803, -0.0692534 )
light_color = Color( 1, 0.956863, 0.815686, 1 )
shadow_enabled = true
shadow_reverse_cull_face = true
spot_range = 519.392
spot_attenuation = 2.14354
spot_angle = 55.8586

[node name="MeshInstance3" type="MeshInstance" parent="VehicleBody"]
transform = Transform( 0.707088, -0.707125, -0.00187554, -0.00186727, 0.000785189, -0.999999, 0.707125, 0.70709, -0.000765205, 5.29902, -0.258306, 0.513362 )
mesh = SubResource( 34 )

[node name="MeshInstance4" type="MeshInstance" parent="VehicleBody"]
transform = Transform( 0.707127, 0.70709, -0.000361575, -0.00035384, -0.000157499, -1, -0.70709, 0.707128, 0.000138825, -5.26048, -0.341654, 0.520023 )
mesh = SubResource( 34 )

[node name="GroundChecks" type="Spatial" parent="VehicleBody"]

[node name="GroundCheck" type="RayCast" parent="VehicleBody/GroundChecks"]
transform = Transform( 1, -2.30216e-10, 2.91038e-10, 4.23142e-10, 1, 1.16415e-10, 0, -1.16415e-10, 1, 0.0198993, 13.5897, 16.9557 )
cast_to = Vector3( 0, -30, 0 )
collision_mask = 260

[node name="GroundCheck2" type="RayCast" parent="VehicleBody/GroundChecks"]
transform = Transform( 1, -3.46915e-10, 4.07454e-10, 5.39558e-10, 1, 3.49246e-10, 0, -3.49246e-10, 1, -0.00723223, 13.6351, -25.4893 )
cast_to = Vector3( 0, -30, 0 )
collision_mask = 260

[node name="GroundCheck3" type="RayCast" parent="VehicleBody/GroundChecks"]
transform = Transform( 1, -4.63558e-10, 4.07454e-10, 6.55973e-10, 1, 5.82077e-10, 0, -5.82077e-10, 1, -17.1733, 13.6464, 0.0109851 )
cast_to = Vector3( 0, -30, 0 )
collision_mask = 260

[node name="GroundCheck4" type="RayCast" parent="VehicleBody/GroundChecks"]
transform = Transform( 1, -5.80144e-10, 4.07454e-10, 7.72388e-10, 1, 8.14907e-10, 0, -8.14907e-10, 1, 21.462, 13.6207, -0.0137385 )
cast_to = Vector3( 0, -30, 0 )
collision_mask = 260

[node name="GroundCheck5" type="RayCast" parent="VehicleBody/GroundChecks"]
transform = Transform( 0.707107, 0.000951954, -0.707106, -0.000561496, 1, 0.00078477, 0.707107, -0.000157872, 0.707108, -11.9625, 13.603, 12.0014 )
cast_to = Vector3( 0, -30, 0 )
collision_mask = 260

[node name="GroundCheck6" type="RayCast" parent="VehicleBody/GroundChecks"]
transform = Transform( 0.707107, 0.000951954, -0.707107, -0.000561496, 1, 0.000784771, 0.707107, -0.000157872, 0.707108, 18.0315, 13.6151, -18.0309 )
cast_to = Vector3( 0, -30, 0 )
collision_mask = 260

[node name="GroundCheck7" type="RayCast" parent="VehicleBody/GroundChecks"]
transform = Transform( 0.707107, 0.000951954, -0.707107, -0.000561496, 1, 0.000784771, 0.707107, -0.000157872, 0.707108, -12.1382, 13.6561, -12.1378 )
cast_to = Vector3( 0, -30, 0 )
collision_mask = 260

[node name="GroundCheck8" type="RayCast" parent="VehicleBody/GroundChecks"]
transform = Transform( 0.707107, 0.000951954, -0.707107, -0.000561495, 1, 0.000784771, 0.707107, -0.000157872, 0.707108, 15.1986, 13.6086, 15.1641 )
cast_to = Vector3( 0, -30, 0 )
collision_mask = 260

[node name="ActionComponent" parent="VehicleBody" instance=ExtResource( 14 )]
ActionDistance = 20.0

[node name="RayFL" type="RayCast" parent="."]
transform = Transform( 1.00001, -0.000665933, -0.000639928, 0.000666589, 1, 0.00107025, 0.000639212, -0.00107067, 1.00001, 6.45562, 0.797841, 11.1725 )
enabled = true
cast_to = Vector3( 0, -40, 0 )
collision_mask = 260

[node name="EnginePivot" type="Spatial" parent="RayFL"]
transform = Transform( 1, -2.93312e-11, 0, 1.58479e-10, 1, 1.16415e-10, 0, 0, 1, 0, 0, 0 )

[node name="MeshInstance" type="MeshInstance" parent="RayFL/EnginePivot"]
transform = Transform( 1, -5.12159e-11, 0, 2.52044e-10, 1, 3.49246e-10, -5.82077e-11, 0, 1, -0.00133324, -2, -0.00214005 )
mesh = SubResource( 33 )
skeleton = NodePath("../..")
material/0 = ExtResource( 1 )

[node name="Particles" parent="RayFL/EnginePivot" instance=ExtResource( 8 )]

[node name="RayFR" type="RayCast" parent="."]
transform = Transform( 1, 2.14628e-07, 4.709e-08, -2.12491e-07, 1, -2.15368e-08, -6.36792e-08, 2.15368e-08, 1, -6.33755, 0.798699, 11.0606 )
enabled = true
cast_to = Vector3( 0, -40, 0 )
collision_mask = 260

[node name="EnginePivot" type="Spatial" parent="RayFR"]
transform = Transform( 1, -5.11022e-11, 0, 7.73639e-11, 1, 1.16415e-10, 0, 0, 1, 0, 0, 0 )

[node name="MeshInstance" type="MeshInstance" parent="RayFR/EnginePivot"]
transform = Transform( 1, -5.12159e-11, 0, 2.52044e-10, 1, 3.49246e-10, -5.82077e-11, 0, 1, -0.00133324, -2, -0.00214005 )
mesh = SubResource( 33 )
skeleton = NodePath("../..")
material/0 = ExtResource( 1 )

[node name="Particles" parent="RayFR/EnginePivot" instance=ExtResource( 8 )]

[node name="RayBR" type="RayCast" parent="."]
transform = Transform( 1, 2.34124e-07, 4.52274e-08, -2.3199e-07, 1, -1.6531e-08, -6.43195e-08, 1.6531e-08, 1, -7, 0.8, -9 )
enabled = true
cast_to = Vector3( 0, -40, 0 )
collision_mask = 260

[node name="EnginePivot" type="Spatial" parent="RayBR"]
transform = Transform( 1, -5.11022e-11, 0, 7.73639e-11, 1, 1.16415e-10, 0, 0, 1, 0, 0, 0 )

[node name="MeshInstance" type="MeshInstance" parent="RayBR/EnginePivot"]
transform = Transform( 1, -5.12159e-11, 0, 2.52044e-10, 1, 3.49246e-10, -5.82077e-11, 0, 1, -0.00133324, -2, -0.00214005 )
mesh = SubResource( 33 )
skeleton = NodePath("../..")
material/0 = ExtResource( 1 )

[node name="Particles" parent="RayBR/EnginePivot" instance=ExtResource( 8 )]

[node name="RayBL" type="RayCast" parent="."]
transform = Transform( 1, 2.33601e-07, 4.45289e-08, -2.31526e-07, 1, -1.80444e-08, -6.28643e-08, 1.80444e-08, 1, 7, 0.8, -9 )
enabled = true
cast_to = Vector3( 0, -40, 0 )
collision_mask = 260

[node name="EnginePivot" type="Spatial" parent="RayBL"]
transform = Transform( 1, -7.73639e-11, 0, 7.73639e-11, 1, 0, 0, 0, 1, 0, 0, 0 )

[node name="MeshInstance" type="MeshInstance" parent="RayBL/EnginePivot"]
transform = Transform( 1, -5.12159e-11, 0, 2.52044e-10, 1, 3.49246e-10, -5.82077e-11, 0, 1, -0.00133324, -2, -0.00214005 )
mesh = SubResource( 33 )
skeleton = NodePath("../..")
material/0 = ExtResource( 1 )

[node name="Particles" parent="RayBL/EnginePivot" instance=ExtResource( 8 )]

[connection signal="body_shape_exited" from="VehicleBody" to="VehicleDamageManager" method="On_Ship_Part_Collided"]
