[gd_scene load_steps=15 format=2]

[ext_resource path="res://addons/zylann.hterrain/hterrain.gd" type="Script" id=1]
[ext_resource path="res://Scenes/Door.tscn" type="PackedScene" id=2]
[ext_resource path="res://Scripts/Island.cs" type="Script" id=3]
[ext_resource path="res://Scenes/Islands/Island8_Data/data.hterrain" type="Resource" id=4]
[ext_resource path="res://addons/zylann.hterrain/hterrain_texture_set.gd" type="Script" id=5]
[ext_resource path="res://Scenes/Islands/Island8_slot0_normal_roughness.packed_tex" type="Texture" id=6]
[ext_resource path="res://Scenes/Islands/Island8_slot0_albedo_bump.packed_tex" type="Texture" id=7]
[ext_resource path="res://Assets/Building/BuildingDust.tscn" type="PackedScene" id=8]
[ext_resource path="res://Scenes/House.tscn" type="PackedScene" id=12]
[ext_resource path="res://Scenes/Env_Assets/Street_Lamp.tscn" type="PackedScene" id=13]
[ext_resource path="res://Scenes/Env_Assets/Antena.tscn" type="PackedScene" id=14]

[sub_resource type="Resource" id=1]
script = ExtResource( 5 )
mode = 0
textures = [ [ ExtResource( 7 ) ], [ ExtResource( 6 ) ] ]

[sub_resource type="SpatialMaterial" id=11]
albedo_color = Color( 0, 0, 0, 1 )

[sub_resource type="CubeMesh" id=10]
material = SubResource( 11 )
flip_faces = true
size = Vector3( 2000, 2000, 2000 )

[node name="Island" type="Spatial" groups=["Islands"]]
script = ExtResource( 3 )

[node name="Door_Left" parent="." instance=ExtResource( 2 )]
transform = Transform( -4.37114e-08, 0, 1, 0, 1, 0, -1, 0, -4.37114e-08, -1000, 0, 0 )

[node name="Door_Down" parent="." instance=ExtResource( 2 )]
transform = Transform( -1, 0, -8.74228e-08, 0, 1, 0, 8.74228e-08, 0, -1, 0, 0, 1000 )

[node name="Door_Top" parent="." instance=ExtResource( 2 )]
transform = Transform( 1, 0, 0, 0, 1, 0, 0, 0, 1, 0, 0, -1000 )

[node name="Door_Right" parent="." instance=ExtResource( 2 )]
transform = Transform( -4.37114e-08, 0, -1, 0, 1, 0, 1, 0, -4.37114e-08, 1000, 0, 0 )

[node name="HTerrain" type="Spatial" parent="."]
script = ExtResource( 1 )
lod_scale = 2.0
map_scale = Vector3( 7.813, 4, 7.813 )
centered = true
_terrain_data = ExtResource( 4 )
chunk_size = 32
collision_enabled = true
collision_layer = 4
collision_mask = 0
shader_type = "Classic4"
custom_shader = null
custom_globalmap_shader = null
texture_set = SubResource( 1 )
render_layers = 1
shader_params/u_ground_uv_scale_per_texture = Plane( 10, 10, 10, 10 )
shader_params/u_depth_blending = true
shader_params/u_triplanar = true
shader_params/u_tile_reduction = Plane( 0, 0, 0, 0 )
shader_params/u_globalmap_blend_start = null
shader_params/u_globalmap_blend_distance = null
shader_params/u_colormap_opacity_per_texture = Plane( 1, 1, 1, 1 )

[node name="MeshInstance" type="MeshInstance" parent="HTerrain"]
transform = Transform( 1, 0, 0, 0, 1, 0, 0, 0, 1, 0, -1000, 0 )
layers = 0
generate_lightmap = false
mesh = SubResource( 10 )

[node name="StaticBody" parent="." instance=ExtResource( 12 )]
transform = Transform( 1, 0, 0, 0, 1, 0, 0, 0, 1, 12.2325, -12.7701, 397.042 )

[node name="StaticBody7" parent="." instance=ExtResource( 12 )]
transform = Transform( 1, 0, 0, 0, 1, 0, 0, 0, 1, -463.789, 13.0041, 767.547 )

[node name="StaticBody4" parent="." instance=ExtResource( 12 )]
transform = Transform( 0.598576, -0.746041, -0.29177, 0, 0.364227, -0.93131, 0.801066, 0.55746, 0.218017, -537.198, -4.24777, -296.832 )

[node name="StaticBody5" parent="." instance=ExtResource( 12 )]
transform = Transform( 0.543543, 0.798888, 0.257564, 0.240786, 0.145555, -0.959602, -0.804104, 0.583602, -0.113246, 778.01, -4.24777, -66.9111 )

[node name="StaticBody6" parent="." instance=ExtResource( 12 )]
transform = Transform( -0.500604, 0.0925331, -0.860716, -0.396183, 0.859545, 0.322833, 0.769697, 0.502613, -0.393632, 258.77, -49.7393, 607.825 )

[node name="StaticBody3" parent="." instance=ExtResource( 12 )]
transform = Transform( 1, 0, 0, 0, 0.846909, -0.531739, 0, 0.531739, 0.846909, -97.2666, -18.3792, -251.333 )

[node name="StaticBody2" parent="." instance=ExtResource( 12 )]
transform = Transform( 1, 0, 0, 0, 0.892688, 0.450675, 0, -0.450675, 0.892688, 356.507, -12.7701, 103.47 )

[node name="StreetLamp" parent="." instance=ExtResource( 13 )]
transform = Transform( 1, 0, 0, 0, 1, 0, 0, 0, 1, -148.884, 37.8765, -451.707 )

[node name="StreetLamp2" parent="." instance=ExtResource( 13 )]
transform = Transform( 0.24568, 0, 0.969351, 0, 1, 0, -0.969351, 0, 0.24568, -27.8798, 5.61156, -593.93 )

[node name="StreetLamp3" parent="." instance=ExtResource( 13 )]
transform = Transform( -0.999682, 0, 0.0251999, 0, 1, 0, -0.0251999, 0, -0.999682, 309.867, 15.6552, 636.934 )

[node name="StaticBody8" parent="." instance=ExtResource( 14 )]
transform = Transform( 14.6705, 0.997046, 17.3891, -1.54414, 22.7204, 0, -17.3491, -1.17909, 14.7043, -161.021, -24.8886, 20.62 )

[node name="DestBuilding" parent="." instance=ExtResource( 8 )]
transform = Transform( 0.934428, 0.106941, 0.339716, -0.100505, 0.994265, -0.0365391, -0.341676, 0, 0.939818, 220.626, 4.35604, 328.453 )
