[gd_scene load_steps=12 format=2]

[ext_resource path="res://Scenes/Islands/Terain_Data_IS02/data.hterrain" type="Resource" id=1]
[ext_resource path="res://Assets/Building/BuildingDust3.tscn" type="PackedScene" id=2]
[ext_resource path="res://Scenes/Env_Assets/Antena2.tscn" type="PackedScene" id=3]
[ext_resource path="res://Assets/Building/BuildingDust2.tscn" type="PackedScene" id=4]
[ext_resource path="res://Scenes/Islands/IslandBase.tscn" type="PackedScene" id=5]
[ext_resource path="res://Assets/Building/BuildingDust4.tscn" type="PackedScene" id=6]
[ext_resource path="res://Assets/Building/BuildingComposition.tscn" type="PackedScene" id=7]
[ext_resource path="res://Scenes/Env_Assets/CylinderThingHuge.tscn" type="PackedScene" id=8]
[ext_resource path="res://Scenes/Env_Assets/CylinderThing.tscn" type="PackedScene" id=10]
[ext_resource path="res://Assets/Building/BuildingDust.tscn" type="PackedScene" id=11]
[ext_resource path="res://Scenes/Env_Assets/Antena.tscn" type="PackedScene" id=12]

[node name="Island" instance=ExtResource( 5 )]

[node name="HTerrain" parent="." index="0"]
transform = Transform( 35, 0, 0, 0, 30, 0, 0, 0, 35, 0, 0, 0 )
_terrain_data = ExtResource( 1 )

[node name="House" parent="." index="1" instance=ExtResource( 7 )]
transform = Transform( 0.831925, 0, -0.554888, 0, 1, 0, 0.554888, 0, 0.831925, 173.684, -59.7745, -396.486 )

[node name="House2" parent="." index="2" instance=ExtResource( 7 )]
transform = Transform( -0.941442, 0, 0.337178, 0, 1, 0, -0.337178, 0, -0.941442, 285.988, -46.4466, -149.437 )

[node name="House3" parent="." index="3" instance=ExtResource( 7 )]
transform = Transform( -0.946255, 0, 0.323422, 0, 1, 0, -0.323422, 0, -0.946255, -416.339, -50.6682, -47.214 )

[node name="StaticBody" parent="." index="4" instance=ExtResource( 12 )]
transform = Transform( 22.0028, 6.80931, 0, -6.80931, 22.0028, 0, 0, 0, 23.0323, 206.954, -16.5524, 305.759 )

[node name="StaticBody2" parent="." index="5" instance=ExtResource( 12 )]
transform = Transform( 0.996883, 0.0788941, 0, -0.0788941, 0.996883, 0, 0, 0, 1, 214.986, -80.8573, -401.927 )

[node name="StaticBody3" parent="." index="6" instance=ExtResource( 12 )]
transform = Transform( 0.898711, -0.404989, 0.168234, 0.437748, 0.851507, -0.288637, -0.0263574, 0.333045, 0.942542, 23.5999, -51.5132, -343.841 )

[node name="StaticBody4" parent="." index="7" instance=ExtResource( 12 )]
transform = Transform( 3.03735, -0.140602, 4.09331, -0.819711, 4.97208, 0.779036, -4.01286, -1.12208, 2.93911, -676.157, -47.7242, -208.026 )

[node name="StaticBody5" parent="." index="8" instance=ExtResource( 8 )]
transform = Transform( 0.56882, -0.321441, 0.757046, 0, 0.920464, 0.390828, -0.822462, -0.222311, 0.523579, 729.52, -125.535, 420.581 )

[node name="StaticBody6" parent="." index="9" instance=ExtResource( 10 )]
transform = Transform( -0.746464, 0, -0.665426, 0, 1, 0, 0.665426, 0, -0.746464, -93.7762, -67.796, -392.701 )

[node name="DestBuilding6" parent="." index="10" instance=ExtResource( 6 )]
transform = Transform( -0.746464, 0, -0.665426, -0.579397, 0.491785, 0.649958, 0.327247, 0.870716, -0.3671, 510.196, -67.4573, -87.5125 )

[node name="DestBuilding2" parent="." index="11" instance=ExtResource( 11 )]
transform = Transform( -0.56971, 0.0662064, 0.819175, -0.152434, 0.970942, -0.184485, -0.807586, -0.229973, -0.543063, -568.853, -74.5605, -408.817 )

[node name="DestBuilding11" parent="." index="12" instance=ExtResource( 11 )]
transform = Transform( 0.443938, 0.369131, -0.816494, 0.388233, -0.900474, -0.196012, -0.807586, -0.229973, -0.543063, 187.496, 0.485775, -690.577 )

[node name="DestBuilding" parent="." index="13" instance=ExtResource( 11 )]
transform = Transform( 1, -0.0006437, 5.1735e-05, 0.000645772, 0.996786, -0.0801119, 0, 0.0801119, 0.996786, -123.187, -1.20917, 212.158 )

[node name="DestBuilding7" parent="." index="14" instance=ExtResource( 11 )]
transform = Transform( 0.634668, 0.137452, -0.760463, -0.127774, 0.989176, 0.0721531, 0.762149, 0.051374, 0.645361, -199.394, -16.9338, 1489.43 )

[node name="DestBuilding8" parent="." index="15" instance=ExtResource( 11 )]
transform = Transform( 0.157231, 0.262798, -0.951954, -0.14989, 0.959126, 0.240021, 0.976121, 0.104949, 0.190195, -1525.57, -71.7548, 1249.71 )

[node name="DestBuilding3" parent="." index="16" instance=ExtResource( 4 )]
transform = Transform( 0.510915, -0.177819, -0.841039, 0.328702, 0.944434, 0, 0.794306, -0.276451, 0.540974, -575.438, -5.77229, 111.811 )

[node name="DestBuilding4" parent="." index="17" instance=ExtResource( 4 )]
transform = Transform( -0.64313, -0.402167, -0.651649, 0.33405, 0.618401, -0.71133, 0.689053, -0.675161, -0.263369, 522.012, -66.9497, -380.2 )

[node name="DestBuilding5" parent="." index="18" instance=ExtResource( 2 )]
transform = Transform( -0.787934, -0.526188, 0.319822, 0.102887, 0.399588, 0.910903, -0.607104, 0.750636, -0.260711, 660.998, -56.4816, -37.4575 )

[node name="StaticBody7" parent="." index="19" instance=ExtResource( 3 )]
transform = Transform( 11.0136, 2.58408, 19.2283, -1.52528, 22.1574, -2.10407, -19.3411, -0.275898, 11.1153, -128.283, -288.429, 612.661 )
