[gd_scene load_steps=14 format=2]

[ext_resource path="res://Scenes/Islands/IslandBase.tscn" type="PackedScene" id=1]
[ext_resource path="res://Scenes/Env_Assets/Fireplace.tscn" type="PackedScene" id=3]
[ext_resource path="res://Scenes/Env_Assets/CylinderThingHuge.tscn" type="PackedScene" id=4]
[ext_resource path="res://Assets/Building/BuildingComposition.tscn" type="PackedScene" id=5]
[ext_resource path="res://Scenes/Env_Assets/Antena.tscn" type="PackedScene" id=6]
[ext_resource path="res://Assets/Building/BuildingDust2.tscn" type="PackedScene" id=7]
[ext_resource path="res://Assets/Building/BuildingDust3.tscn" type="PackedScene" id=8]
[ext_resource path="res://Assets/Building/BuildingDust4.tscn" type="PackedScene" id=9]
[ext_resource path="res://Assets/Building/BuildingDust.tscn" type="PackedScene" id=10]
[ext_resource path="res://Scenes/Env_Assets/House.tscn" type="PackedScene" id=11]
[ext_resource path="res://Scenes/Env_Assets/Rock2.tscn" type="PackedScene" id=20]
[ext_resource path="res://Scenes/Env_Assets/WindGenerator.tscn" type="PackedScene" id=21]
[ext_resource path="res://Scenes/Env_Assets/Rock4.tscn" type="PackedScene" id=22]

[node name="Island" instance=ExtResource( 1 )]

[node name="House" parent="." index="1" instance=ExtResource( 5 )]
transform = Transform( -0.4132, 0, -0.91064, 0, 1, 0, 0.91064, 0, -0.4132, 2802.9, 1.74817, 885.096 )

[node name="House2" parent="." index="2" instance=ExtResource( 5 )]
transform = Transform( 0.171636, 0, 0.985161, 0, 1, 0, -0.985161, 0, 0.171636, 2688.74, 12.1336, 891.109 )

[node name="Fireplace" parent="." index="3" instance=ExtResource( 3 )]
transform = Transform( 0.755419, 1.60156e-11, -0.655242, 8.73115e-11, 1, 0, 0.655242, -1.74623e-10, 0.755419, 2704.55, 12.5371, 887.143 )

[node name="StaticBody" parent="." index="4" instance=ExtResource( 4 )]
transform = Transform( 0.941828, 0.317454, -0.110377, -0.261542, 0.486003, -0.833905, -0.211082, 0.814263, 0.540759, -3234.87, -107.051, 2431.71 )

[node name="StaticBody2" parent="." index="5" instance=ExtResource( 6 )]
transform = Transform( 16.0236, 4.02306, 0, -4.02306, 16.0236, 0, 0, 0, 16.5209, -169.028, -186.101, 271.507 )

[node name="StaticBody3" parent="." index="6" instance=ExtResource( 6 )]
transform = Transform( 15.3164, -6.19258, 0, 5.49439, 13.5895, -7.62083, 2.85654, 7.06521, 14.6582, -1056.37, -154.068, -463.591 )

[node name="DestBuilding" parent="." index="7" instance=ExtResource( 7 )]
transform = Transform( 0.86392, 0.335516, -0.375595, -0.159922, 0.889937, 0.427128, 0.477564, -0.308938, 0.82249, 1229.22, -72.504, 202.611 )

[node name="DestBuilding2" parent="." index="8" instance=ExtResource( 8 )]
transform = Transform( -0.169541, 1.3209, -0.279373, -0.523742, 0.195172, 1.24064, 1.2444, 0.262108, 0.484094, 1884.27, -35.9744, -83.7841 )

[node name="DestBuilding7" parent="." index="9" instance=ExtResource( 8 )]
transform = Transform( -1.27185, 0.448305, -0.181638, 0.339819, 0.464493, -1.23302, -0.344229, -1.19785, -0.546109, 3172, -166.013, -274.357 )

[node name="DestBuilding3" parent="." index="10" instance=ExtResource( 9 )]
transform = Transform( 0.789573, 0.613413, 0.0172342, -0.595638, 0.759332, 0.261968, 0.147608, -0.217108, 0.964922, 87.1097, -0.343513, -931 )

[node name="DestBuilding4" parent="." index="11" instance=ExtResource( 9 )]
transform = Transform( -0.531918, -0.0348765, 0.846075, -0.539581, -0.756079, -0.370395, 0.652619, -0.653546, 0.383354, -1110.28, -15.6523, 596.187 )

[node name="DestBuilding5" parent="." index="12" instance=ExtResource( 10 )]
transform = Transform( -0.883251, -2.24343e-10, 0.468901, -2.31637e-12, 0.999999, 4.07454e-10, -0.468901, 3.42212e-10, -0.88325, 293.818, -70.728, -1645.75 )

[node name="DestBuilding6" parent="." index="13" instance=ExtResource( 10 )]
transform = Transform( -0.0874003, 0.527915, -0.844786, 0.0550041, 0.849295, 0.525042, 0.994652, -0.000577802, -0.103266, 442.115, -44.4888, 967.688 )

[node name="SoundMap" parent="." index="14"]
data = {
"cells": PoolIntArray( 39, 0, 0, 40, 0, 0, 41, 0, 0, 42, 0, 0, 43, 0, 0, 44, 0, 0, 45, 0, 0, 46, 0, 0, 47, 0, 0, 48, 0, 0, 46, 1, 0, 47, 1, 0, 48, 1, 0, 25, 3, 0, 26, 3, 0, 65533, 4, 0, 65534, 4, 0, 65535, 4, 0, 0, 5, 0, 65532, 5, 0, 65533, 5, 0, 65535, 5, 0, 0, 6, 0, 65532, 6, 0, 65533, 6, 0, 65535, 6, 0, 65533, 7, 0, 65534, 7, 0, 65535, 7, 0, 40, 10, 0, 41, 10, 0, 65513, 10, 0, 35, 11, 0, 36, 11, 0, 37, 11, 0, 38, 11, 0, 39, 11, 0, 40, 11, 0, 41, 11, 0, 65512, 11, 0, 65513, 11, 0, 65514, 11, 0, 34, 12, 0, 35, 12, 0, 41, 12, 0, 65512, 12, 0, 65513, 12, 0, 65514, 12, 0, 34, 13, 0, 41, 13, 0, 42, 13, 0, 34, 14, 0, 42, 14, 0, 34, 15, 0, 42, 15, 0, 43, 15, 0, 44, 15, 0, 45, 15, 0, 53, 15, 0, 54, 15, 0, 55, 15, 0, 56, 15, 0, 57, 15, 0, 34, 16, 0, 45, 16, 0, 46, 16, 0, 52, 16, 0, 53, 16, 0, 57, 16, 0, 34, 17, 0, 43, 17, 0, 44, 17, 0, 45, 17, 0, 52, 17, 0, 57, 17, 0, 34, 18, 0, 41, 18, 0, 42, 18, 0, 43, 18, 0, 52, 18, 0, 53, 18, 0, 54, 18, 0, 55, 18, 0, 56, 18, 0, 57, 18, 0, 11, 19, 0, 34, 19, 0, 40, 19, 0, 41, 19, 0, 53, 19, 0, 54, 19, 0, 8, 20, 0, 9, 20, 0, 10, 20, 0, 11, 20, 0, 34, 20, 0, 35, 20, 0, 39, 20, 0, 40, 20, 0, 9, 21, 0, 10, 21, 0, 28, 21, 0, 29, 21, 0, 30, 21, 0, 31, 21, 0, 32, 21, 0, 33, 21, 0, 35, 21, 0, 39, 21, 0, 23, 22, 0, 24, 22, 0, 27, 22, 0, 28, 22, 0, 33, 22, 0, 34, 22, 0, 35, 22, 0, 36, 22, 0, 37, 22, 0, 38, 22, 0, 39, 22, 0, 23, 23, 0, 24, 23, 0, 25, 23, 0, 26, 23, 0, 27, 23, 0, 35, 23, 0, 36, 23, 0, 37, 23, 0, 38, 23, 0, 25, 24, 0, 26, 24, 0, 27, 24, 0, 36, 24, 0, 27, 25, 0, 28, 25, 0, 29, 25, 0, 36, 25, 0, 29, 26, 0, 36, 26, 0, 37, 26, 0, 29, 27, 0, 30, 27, 0, 31, 27, 0, 32, 27, 0, 33, 27, 0, 34, 27, 0, 35, 27, 0, 36, 27, 0, 25, 32, 0, 26, 32, 0, 25, 33, 0, 26, 33, 0, 65498, 40, 0, 65499, 40, 0, 65498, 41, 0, 65499, 41, 0, 65508, 41, 0, 65508, 42, 0, 65509, 42, 0, 65508, 43, 0, 65509, 43, 0, 65471, 49, 0, 65472, 49, 0, 65471, 50, 0, 65472, 50, 0, 65473, 50, 0, 65483, 50, 0, 65484, 50, 0, 65485, 50, 0, 65472, 51, 0, 65473, 51, 0, 65483, 51, 0, 65485, 51, 0, 65472, 52, 0, 65473, 52, 0, 65474, 52, 0, 65483, 52, 0, 65484, 52, 0, 65485, 52, 0, 65472, 53, 0, 65473, 53, 0, 65490, 54, 0, 65491, 54, 0, 65490, 55, 0, 65491, 55, 0, 65494, 56, 0, 65495, 56, 0, 65509, 56, 0, 65510, 56, 0, 65494, 57, 0, 65495, 57, 0, 65509, 57, 0, 65510, 57, 0, 65516, 62, 0, 65517, 62, 0, 65486, 64, 0, 65487, 64, 0, 65486, 65, 0, 65487, 65, 0, 65504, 66, 0, 65505, 66, 0, 65477, 67, 0, 65478, 67, 0, 65479, 67, 0, 65504, 67, 0, 65505, 67, 0, 65477, 68, 0, 65479, 68, 0, 65477, 69, 0, 65478, 69, 0, 65479, 69, 0, 65500, 71, 0, 65501, 71, 0, 65500, 72, 0, 65501, 72, 0, 65515, 73, 0, 65516, 73, 0, 65515, 74, 0, 65516, 74, 0, 1, 65515, 0, 1, 65516, 0, 2, 65516, 0, 1, 65517, 0, 2, 65517, 0, 1, 65518, 0, 2, 65518, 0, 2, 65519, 0, 3, 65519, 0, 67, 65521, 0, 66, 65522, 0, 67, 65522, 0, 66, 65523, 0, 67, 65523, 0, 66, 65524, 0, 67, 65524, 0, 66, 65525, 0, 65, 65526, 0, 66, 65526, 0, 65, 65527, 0, 66, 65527, 0, 65512, 65527, 0, 65513, 65527, 0, 65, 65528, 0, 65511, 65528, 0, 65512, 65528, 0, 65513, 65528, 0, 65514, 65528, 0, 64, 65529, 0, 65, 65529, 0, 65511, 65529, 0, 65514, 65529, 0, 64, 65530, 0, 65, 65530, 0, 65511, 65530, 0, 65512, 65530, 0, 65513, 65530, 0, 65514, 65530, 0, 65513, 65531, 0, 65514, 65531, 0, 37, 65535, 0, 38, 65535, 0, 39, 65535, 0, 40, 65535, 0, 41, 65535, 0, 42, 65535, 0, 43, 65535, 0, 44, 65535, 0 )
}

[node name="StaticBody5" parent="." index="15" instance=ExtResource( 4 )]
transform = Transform( -0.400541, 0.686898, 0.606414, 0, 0.661822, -0.749661, -0.916279, -0.30027, -0.265087, -2735.15, -141.208, 2596.88 )

[node name="StaticBody6" parent="." index="16" instance=ExtResource( 4 )]
transform = Transform( -0.302237, 0.0840152, 0.949523, -0.0560172, 0.992821, -0.105677, -0.951585, -0.085129, -0.295361, -2920.67, -141.208, 3407.37 )

[node name="StaticBody7" parent="." index="17" instance=ExtResource( 11 )]
transform = Transform( 1, 0, 0, 0, 1, 0, 0, 0, 1, -1563.09, -60.5059, 3325.63 )

[node name="StaticBody8" parent="." index="18" instance=ExtResource( 11 )]
transform = Transform( 0.998318, 0.0571476, -0.0098023, -0.0579822, 0.983948, -0.168773, 0, 0.169057, 0.985606, -1785.51, -328.678, 3155.58 )

[node name="StaticBody9" parent="." index="19" instance=ExtResource( 11 )]
transform = Transform( 1, -5.16064e-05, 8.85222e-06, 5.22755e-05, 0.993715, -0.111937, -3.01968e-06, 0.111937, 0.993715, -1301.37, -115.81, 2833.39 )

[node name="StaticBody12" parent="." index="20" instance=ExtResource( 11 )]
transform = Transform( 1, -5.16064e-05, 8.85222e-06, 5.22755e-05, 0.993715, -0.111937, -3.01968e-06, 0.111937, 0.993715, -967.966, -150.909, 3088.19 )

[node name="StaticBody13" parent="." index="21" instance=ExtResource( 11 )]
transform = Transform( 1, -5.16064e-05, 8.85222e-06, 5.22755e-05, 0.993715, -0.111937, -3.01968e-06, 0.111937, 0.993715, -1028.44, -101.944, 3658.44 )

[node name="StaticBody14" parent="." index="22" instance=ExtResource( 11 )]
transform = Transform( 0.980643, 0.187581, 0.0561561, -0.190727, 0.979977, 0.0571591, -0.0443098, -0.0667631, 0.996785, -1788.25, -101.944, 3591.81 )

[node name="StaticBody15" parent="." index="23" instance=ExtResource( 11 )]
transform = Transform( 0.977706, -0.207889, 0.0295376, 0.209966, 0.96654, -0.147355, 0.00208417, 0.150272, 0.988643, -2443.58, -120.386, 3211.44 )

[node name="StaticBody16" parent="." index="24" instance=ExtResource( 11 )]
transform = Transform( 0.904177, 0.174675, -0.389811, -0.224901, 0.97051, -0.0867786, 0.363157, 0.166132, 0.916797, -2297.49, -120.386, 2698.65 )

[node name="StaticBody17" parent="." index="25" instance=ExtResource( 11 )]
transform = Transform( 0.905694, -0.262836, -0.33262, 0.337946, 0.921341, 0.192155, 0.255951, -0.286441, 0.923277, -1834.28, -120.386, 2048.88 )

[node name="StaticBody18" parent="." index="26" instance=ExtResource( 11 )]
transform = Transform( 0.959152, 0.228658, -0.166561, -0.254635, 0.954338, -0.156201, 0.123239, 0.192233, 0.97358, -1414.97, -106.723, 2079.32 )

[node name="StaticBody10" parent="." index="27" instance=ExtResource( 11 )]
transform = Transform( 0.975323, 0.219395, -0.0247109, -0.208489, 0.878404, -0.430044, -0.0726436, 0.424584, 0.902469, -2105.68, -92.0832, 2777.84 )

[node name="StaticBody11" parent="." index="28" instance=ExtResource( 11 )]
transform = Transform( 0.936355, -0.347443, -0.0502315, 0.351055, 0.926713, 0.134026, -1.61479e-05, -0.14313, 0.989704, -1963.45, -173.864, 3628.68 )

[node name="Rock1" parent="." index="29" instance=ExtResource( 20 )]
transform = Transform( 60.158, 0, 0, 0, 60.158, 0, 0, 0, 60.1579, 2739.13, -35.5976, 813.499 )

[node name="WindGenerator" parent="." index="30" instance=ExtResource( 21 )]
transform = Transform( 0.296027, 0, 0, 0, 0.296027, 0, 0, 0, 0.296027, 2764.63, 32.7086, 776.372 )
EnergyCapacity = 500.0
EnergyPerWindStreangth = 0.05

[node name="Rock2" parent="." index="31" instance=ExtResource( 22 )]
transform = Transform( -313.858, 202.093, 142.759, 238.391, 308.743, 87.0412, -66.2698, 153.508, -363.004, 1704.37, -485.572, 1165.61 )
