[gd_scene load_steps=4 format=2]

[ext_resource path="res://Scenes/Islands/IslandBase.tscn" type="PackedScene" id=1]
[ext_resource path="res://Assets/Clutter/Powerline/PowerLine.tscn" type="PackedScene" id=2]
[ext_resource path="res://Scenes/Islands/Terain_Data_IS09/data.hterrain" type="Resource" id=4]

[node name="Island" instance=ExtResource( 1 )]

[node name="HTerrain" parent="." index="0"]
transform = Transform( 35, 0, 0, 0, 10, 0, 0, 0, 35, 0, 0, 0 )
_terrain_data = ExtResource( 4 )

[node name="StaticBody" parent="." index="1" instance=ExtResource( 2 )]
transform = Transform( 0.98015, -0.0602962, -0.188865, 0, 0.95263, -0.304133, 0.198256, 0.298096, 0.93372, 478.928, 374.899, 227.587 )

[node name="StaticBody2" parent="." index="2" instance=ExtResource( 2 )]
transform = Transform( -0.962375, -0.0826408, -0.258854, 0, 0.95263, -0.304133, 0.271726, -0.29269, -0.916787, -536.076, 374.899, 36.467 )

[node name="StaticBody3" parent="." index="3" instance=ExtResource( 2 )]
transform = Transform( -0.962375, -0.0826408, -0.258854, 0.254373, 0.060974, -0.965182, 0.0955468, -0.994712, -0.0376582, -574.658, -822.613, -392.021 )
