[gd_scene load_steps=12 format=2]

[ext_resource path="res://Scenes/Islands/IslandBase.tscn" type="PackedScene" id=1]
[ext_resource path="res://Scenes/Env_Assets/Antena.tscn" type="PackedScene" id=2]
[ext_resource path="res://Scenes/Env_Assets/CylinderThing.tscn" type="PackedScene" id=3]
[ext_resource path="res://Scenes/Islands/Terain_Data_IS11/data.hterrain" type="Resource" id=4]
[ext_resource path="res://Scenes/Env_Assets/Platform.tscn" type="PackedScene" id=5]
[ext_resource path="res://Scenes/Env_Assets/Antena2.tscn" type="PackedScene" id=6]
[ext_resource path="res://Scenes/Env_Assets/Street_Lamp.tscn" type="PackedScene" id=7]
[ext_resource path="res://Assets/Building/BuildingComposition.tscn" type="PackedScene" id=8]
[ext_resource path="res://Assets/Building/BuildingDust4.tscn" type="PackedScene" id=9]
[ext_resource path="res://Assets/Building/BuildingDust3.tscn" type="PackedScene" id=10]
[ext_resource path="res://Scenes/Env_Assets/CylinderThingHuge.tscn" type="PackedScene" id=11]

[node name="Island" instance=ExtResource( 1 )]

[node name="HTerrain" parent="." index="0"]
_terrain_data = ExtResource( 4 )

[node name="StaticBody" parent="." index="1" instance=ExtResource( 2 )]
transform = Transform( 7.27142, -3.20996, 0, 3.20996, 7.27142, 0, 0, 0, 7.94842, 164.83, 28.0151, -340.179 )

[node name="StaticBody2" parent="." index="2" instance=ExtResource( 3 )]
transform = Transform( -0.125091, 0, -0.992145, 0, 1, 0, 0.992145, 0, -0.125091, -429.775, 11.3758, -550.851 )

[node name="StaticBody3" parent="." index="3" instance=ExtResource( 5 )]
transform = Transform( 0.897982, 0, -0.440033, 0, 1, 0, 0.440033, 0, 0.897982, -381.62, 18.8341, -623.261 )

[node name="StaticBody4" parent="." index="4" instance=ExtResource( 5 )]
transform = Transform( 0.959092, 0, 0.283095, 0, 1, 0, -0.283095, 0, 0.959092, -482.544, 77.0251, -708.686 )

[node name="StaticBody5" parent="." index="5" instance=ExtResource( 6 )]
transform = Transform( 3.60435, 0.872527, 1.54401, -0.802036, 3.92114, -0.343571, -1.58177, 0, 3.69251, -563.355, 94.3909, -701.997 )

[node name="StreetLamp" parent="." index="6" instance=ExtResource( 7 )]
transform = Transform( -0.103088, 0, 0.994672, 0, 1, 0, -0.994672, 0, -0.103088, -411.168, 43.2168, -592.178 )

[node name="House" parent="." index="7" instance=ExtResource( 8 )]
transform = Transform( 0.0134211, 0, 0.99991, 0, 1, 0, -0.99991, 0, 0.0134211, -403.889, 42.3761, -610.445 )

[node name="House3" parent="." index="8" instance=ExtResource( 8 )]
transform = Transform( 0.475455, 0, 0.87974, 0, 1, 0, -0.87974, 0, 0.475455, -515.016, 100.925, -726.081 )

[node name="House4" parent="." index="9" instance=ExtResource( 8 )]
transform = Transform( 0.936746, 0, -0.350011, 0, 1, 0, 0.350011, 0, 0.936746, -461.391, 100.925, -739.634 )

[node name="House2" parent="." index="10" instance=ExtResource( 8 )]
transform = Transform( 0.848048, 0, -0.529919, 0, 1, 0, 0.529919, 0, 0.848048, -340.647, 42.3761, -636.486 )

[node name="DestBuilding" parent="." index="11" instance=ExtResource( 9 )]
transform = Transform( 0.711831, 0.516381, 0.476075, -0.490794, 0.850583, -0.188758, -0.502413, -0.0992907, 0.858908, -478.33, 46.8827, -471.085 )

[node name="DestBuilding2" parent="." index="12" instance=ExtResource( 10 )]
transform = Transform( 0.715546, 0.698565, 0, -0.670339, 0.686634, -0.281387, -0.196567, 0.201345, 0.959594, -726.865, -46.902, -496.585 )

[node name="StaticBody6" parent="." index="13" instance=ExtResource( 11 )]
transform = Transform( 0.598431, -0.178076, -0.781133, 0.11704, 0.983957, -0.134649, 0.792579, -0.010846, 0.609673, 72.7757, 35.7576, 561.82 )
