[gd_scene load_steps=18 format=2]

[ext_resource path="res://Scenes/Islands/IslandBase.tscn" type="PackedScene" id=1]
[ext_resource path="res://Assets/TerainTest/TerainShader5.tres" type="Shader" id=2]
[ext_resource path="res://Scenes/Env_Assets/CylinderThingHuge.tscn" type="PackedScene" id=3]
[ext_resource path="res://Scenes/Env_Assets/CylinderThing.tscn" type="PackedScene" id=4]
[ext_resource path="res://Scenes/Env_Assets/House.tscn" type="PackedScene" id=5]
[ext_resource path="res://Assets/TerainTex/Ground033_1K-JPG/Ground033_1K-JPG_Colo2r.jpg" type="Texture" id=6]
[ext_resource path="res://Assets/TerainTex/Rock029_1K-PNG/Rock029_1K-PNG_Color.png" type="Texture" id=7]
[ext_resource path="res://Assets/TerainTex/Rock029_1K-PNG/Rock029_1K-PNG_NormalGL.png" type="Texture" id=8]
[ext_resource path="res://Assets/TerainTex/Ground033_1K-JPG/Ground033_1K-JPG_AmbientOcclusio2n.jpg" type="Texture" id=9]
[ext_resource path="res://Assets/TerainTex/Rock029_1K-PNG/Rock029_1K-PNG_AmbientOcclusion.png" type="Texture" id=10]
[ext_resource path="res://Assets/TerainTex/Ground033_1K-JPG/Ground033_1K-JPG_NormalGL2.jpg" type="Texture" id=11]
[ext_resource path="res://Assets/TerainTex/Ground033_1K-JPG/Ground033_1K-JPG_Roughnes2s.jpg" type="Texture" id=12]
[ext_resource path="res://Assets/TerainTex/Rock029_1K-PNG/Rock029_1K-PNG_Roughness.png" type="Texture" id=13]
[ext_resource path="res://Scenes/Env_Assets/Rock2.tscn" type="PackedScene" id=14]
[ext_resource path="res://Scenes/Env_Assets/Rock3.tscn" type="PackedScene" id=15]

[sub_resource type="ShaderMaterial" id=2]
shader = ExtResource( 2 )
shader_param/offset = 0.308
shader_param/fade = 0.097
shader_param/NormalForce = 2.0
shader_param/uv_scale_fg = Vector3( 2, 2, 2 )
shader_param/uv_scale_bg = Vector3( 5, 5, 5 )
shader_param/roughness_texture_channel = Plane( 0, 0, 0, 1 )
shader_param/albedo_texture_fg = ExtResource( 6 )
shader_param/Rough_texture_fg = ExtResource( 12 )
shader_param/AO_texture_fg = ExtResource( 9 )
shader_param/normal_texture_fg = ExtResource( 11 )
shader_param/albedo_texture_bg = ExtResource( 7 )
shader_param/Rough_texture_bg = ExtResource( 13 )
shader_param/AO_texture_bg = ExtResource( 10 )
shader_param/normal_texture_bg = ExtResource( 8 )

[sub_resource type="ShaderMaterial" id=1]
shader = ExtResource( 2 )
shader_param/offset = 0.308
shader_param/fade = 0.097
shader_param/NormalForce = 2.0
shader_param/uv_scale_fg = Vector3( 10, 10, 10 )
shader_param/uv_scale_bg = Vector3( 10, 10, 10 )
shader_param/roughness_texture_channel = Plane( 0, 0, 0, 1 )
shader_param/albedo_texture_fg = ExtResource( 6 )
shader_param/Rough_texture_fg = ExtResource( 12 )
shader_param/AO_texture_fg = ExtResource( 9 )
shader_param/normal_texture_fg = ExtResource( 11 )
shader_param/albedo_texture_bg = ExtResource( 7 )
shader_param/Rough_texture_bg = ExtResource( 13 )
shader_param/AO_texture_bg = ExtResource( 10 )
shader_param/normal_texture_bg = ExtResource( 8 )

[node name="Island" instance=ExtResource( 1 )]
transform = Transform( 1, 0, 0, 0, 1, 0, 0, 0, 1, -4.40331, -3.98926, 2.60999 )
type = 3

[node name="StaticBody" parent="." index="5" instance=ExtResource( 3 )]
transform = Transform( 0.799614, -0.305493, 0.517003, 0.423154, 0.897514, -0.12413, -0.426097, 0.318028, 0.846935, -364, -172, 1412 )

[node name="StaticBody2" parent="." index="6" instance=ExtResource( 4 )]
transform = Transform( 0.836516, 0.224144, -0.5, -0.258819, 0.965926, 0, 0.482963, 0.12941, 0.866025, -564, -192, 1783 )

[node name="StaticBody3" parent="." index="7" instance=ExtResource( 5 )]
transform = Transform( 1, 0, 0, 0, 1, 0, 0, 0, 1, -190, -194, 1949 )

[node name="StaticBody7" parent="." index="8" instance=ExtResource( 5 )]
transform = Transform( 1, 0, 0, 0, 1, 0, 0, 0, 1, -679, -194, 2526 )

[node name="StaticBody8" parent="." index="9" instance=ExtResource( 5 )]
transform = Transform( 1, 0, 0, 0, 1, 0, 0, 0, 1, -647, -194, 2307 )

[node name="StaticBody9" parent="." index="10" instance=ExtResource( 5 )]
transform = Transform( 1, 0, 0, 0, 1, 0, 0, 0, 1, -774, -194, 1972 )

[node name="StaticBody10" parent="." index="11" instance=ExtResource( 5 )]
transform = Transform( 1, 0, 0, 0, 1, 0, 0, 0, 1, -433, -194, 2623 )

[node name="StaticBody11" parent="." index="12" instance=ExtResource( 5 )]
transform = Transform( 1, 0, 0, 0, 1, 0, 0, 0, 1, -433, -194, 2623 )

[node name="StaticBody12" parent="." index="13" instance=ExtResource( 5 )]
transform = Transform( 1, 0, 0, 0, 1, 0, 0, 0, 1, -160, -194, 2761 )

[node name="StaticBody13" parent="." index="14" instance=ExtResource( 5 )]
transform = Transform( 1, 0, 0, 0, 1, 0, 0, 0, 1, -620, -194, 2845 )

[node name="StaticBody14" parent="." index="15" instance=ExtResource( 5 )]
transform = Transform( 1, 0, 0, 0, 1, 0, 0, 0, 1, -418, -194, 2980 )

[node name="StaticBody15" parent="." index="16" instance=ExtResource( 5 )]
transform = Transform( 1, 0, 0, 0, 1, 0, 0, 0, 1, 163, -194, 1781 )

[node name="StaticBody16" parent="." index="17" instance=ExtResource( 5 )]
transform = Transform( 1, 0, 0, 0, 1, 0, 0, 0, 1, -48, -194, 1537 )

[node name="StaticBody17" parent="." index="18" instance=ExtResource( 5 )]
transform = Transform( 1, 0, 0, 0, 1, 0, 0, 0, 1, 390, -194, 2122 )

[node name="StaticBody18" parent="." index="19" instance=ExtResource( 5 )]
transform = Transform( 1, 0, 0, 0, 1, 0, 0, 0, 1, -524, -194, 2152 )

[node name="StaticBody19" parent="." index="20" instance=ExtResource( 5 )]
transform = Transform( 1, 0, 0, 0, 1, 0, 0, 0, 1, -943, -194, 1714 )

[node name="StaticBody20" parent="." index="21" instance=ExtResource( 5 )]
transform = Transform( 1, 0, 0, 0, 1, 0, 0, 0, 1, -1016, -194, 2103 )

[node name="StaticBody21" parent="." index="22" instance=ExtResource( 5 )]
transform = Transform( 1, 0, 0, 0, 1, 0, 0, 0, 1, -854, -194, 2278 )

[node name="StaticBody22" parent="." index="23" instance=ExtResource( 5 )]
transform = Transform( 1, 0, 0, 0, 1, 0, 0, 0, 1, -989, -194, 2476 )

[node name="StaticBody23" parent="." index="24" instance=ExtResource( 5 )]
transform = Transform( 1, 0, 0, 0, 1, 0, 0, 0, 1, -600, -194, 1469 )

[node name="StaticBody24" parent="." index="25" instance=ExtResource( 5 )]
transform = Transform( 1, 0, 0, 0, 1, 0, 0, 0, 1, -882, -194, 1253 )

[node name="StaticBody25" parent="." index="26" instance=ExtResource( 5 )]
transform = Transform( 1, 0, 0, 0, 1, 0, 0, 0, 1, -599, -176, 1224 )

[node name="StaticBody4" parent="." index="27" instance=ExtResource( 5 )]
transform = Transform( 1, 0, 0, 0, 1, 0, 0, 0, 1, -130, -194, 2143 )

[node name="StaticBody26" parent="." index="28" instance=ExtResource( 5 )]
transform = Transform( 1, 0, 0, 0, 1, 0, 0, 0, 1, 87, -194, 1233 )

[node name="StaticBody27" parent="." index="29" instance=ExtResource( 5 )]
transform = Transform( 0.965926, 0, 0.258819, 0, 1, 0, -0.258819, 0, 0.965926, -283, -194, 740 )

[node name="StaticBody28" parent="." index="30" instance=ExtResource( 5 )]
transform = Transform( 1, 0, 0, 0, 1, 0, 0, 0, 1, -856, -194, 897 )

[node name="StaticBody29" parent="." index="31" instance=ExtResource( 5 )]
transform = Transform( 0.965926, 0.258819, 0, -0.258819, 0.965926, 0, 0, 0, 1, -1273, -194, 586 )

[node name="StaticBody31" parent="." index="32" instance=ExtResource( 5 )]
transform = Transform( 1, 0, 0, 0, 1, 0, 0, 0, 1, -844, -194, 2927 )

[node name="StaticBody32" parent="." index="33" instance=ExtResource( 5 )]
transform = Transform( 1, 0, 0, 0, 0.965926, -0.258819, 0, 0.258819, 0.965926, 46, -194, 3065 )

[node name="StaticBody33" parent="." index="34" instance=ExtResource( 5 )]
transform = Transform( 1, 0, 0, 0, 1, 0, 0, 0, 1, 359, -194, 2573 )

[node name="StaticBody34" parent="." index="35" instance=ExtResource( 5 )]
transform = Transform( 1, 0, 0, 0, 1, 0, 0, 0, 1, 269, -194, 2847 )

[node name="StaticBody35" parent="." index="36" instance=ExtResource( 5 )]
transform = Transform( 1, 0, 0, 0, 1, 0, 0, 0, 1, 547, -194, 3129 )

[node name="StaticBody36" parent="." index="37" instance=ExtResource( 5 )]
transform = Transform( 1, 0, 0, 0, 1, 0, 0, 0, 1, 793, -194, 2561 )

[node name="StaticBody37" parent="." index="38" instance=ExtResource( 5 )]
transform = Transform( 1, 0, 0, 0, 0.866025, 0.5, 0, -0.5, 0.866025, -228, -194, 3222 )

[node name="StaticBody38" parent="." index="39" instance=ExtResource( 5 )]
transform = Transform( 1, 0, 0, 0, 1, 0, 0, 0, 1, -751, -194, 3298 )

[node name="StaticBody39" parent="." index="40" instance=ExtResource( 5 )]
transform = Transform( 1, 0, 0, 0, 1, 0, 0, 0, 1, -1166, -194, 3166 )

[node name="StaticBody40" parent="." index="41" instance=ExtResource( 5 )]
transform = Transform( 1, 0, 0, 0, 1, 0, 0, 0, 1, -1426, -194, 3304 )

[node name="StaticBody41" parent="." index="42" instance=ExtResource( 5 )]
transform = Transform( 0.965926, 0.258819, 0, -0.258819, 0.965926, 0, 0, 0, 1, -1550, -194, 2799 )

[node name="StaticBody42" parent="." index="43" instance=ExtResource( 5 )]
transform = Transform( 0.965926, 0.258819, 0, -0.25, 0.933013, -0.258819, -0.0669873, 0.25, 0.965926, -1316, -194, 2651 )

[node name="StaticBody6" parent="." index="44" instance=ExtResource( 5 )]
transform = Transform( 0.965926, -0.258819, 0, 0.258819, 0.965926, 0, 0, 0, 1, 35, -194, 2378 )

[node name="StaticBody5" parent="." index="45" instance=ExtResource( 5 )]
transform = Transform( 1, 0, 0, 0, 0.5, 0.866025, 0, -0.866025, 0.5, -331, -198, 2353 )

[node name="StaticBody43" parent="." index="46" instance=ExtResource( 5 )]
transform = Transform( -1, 0, -8.74228e-08, 0, 1, 0, 8.74228e-08, 0, -1, -1464, -194, -2188 )

[node name="StaticBody44" parent="." index="47" instance=ExtResource( 5 )]
transform = Transform( -1, 0, -8.74228e-08, 0, 1, 0, 8.74228e-08, 0, -1, -1496, -194, -1969 )

[node name="StaticBody45" parent="." index="48" instance=ExtResource( 5 )]
transform = Transform( -1, 0, -8.74228e-08, 0, 1, 0, 8.74228e-08, 0, -1, -1369, -194, -1634 )

[node name="StaticBody46" parent="." index="49" instance=ExtResource( 5 )]
transform = Transform( -1, 0, -8.74228e-08, 0, 1, 0, 8.74228e-08, 0, -1, -1710, -194, -2285 )

[node name="StaticBody47" parent="." index="50" instance=ExtResource( 5 )]
transform = Transform( -1, 0, -8.74228e-08, 0, 1, 0, 8.74228e-08, 0, -1, -1710, -194, -2285 )

[node name="StaticBody48" parent="." index="51" instance=ExtResource( 5 )]
transform = Transform( -1, 0, -8.74228e-08, 0, 1, 0, 8.74228e-08, 0, -1, -1983, -194, -2423 )

[node name="StaticBody49" parent="." index="52" instance=ExtResource( 5 )]
transform = Transform( -1, 0, -8.74228e-08, 0, 1, 0, 8.74228e-08, 0, -1, -1523, -194, -2507 )

[node name="StaticBody50" parent="." index="53" instance=ExtResource( 5 )]
transform = Transform( -1, 0, -8.74228e-08, 0, 1, 0, 8.74228e-08, 0, -1, -1725, -194, -2642 )

[node name="StaticBody51" parent="." index="54" instance=ExtResource( 5 )]
transform = Transform( -1, 0, -8.74228e-08, 0, 1, 0, 8.74228e-08, 0, -1, -2306, -194, -1443 )

[node name="StaticBody52" parent="." index="55" instance=ExtResource( 5 )]
transform = Transform( -1, 0, -8.74228e-08, 0, 1, 0, 8.74228e-08, 0, -1, -2095, -194, -1199 )

[node name="StaticBody53" parent="." index="56" instance=ExtResource( 5 )]
transform = Transform( -1, 0, -8.74228e-08, 0, 1, 0, 8.74228e-08, 0, -1, -2533, -194, -1784 )

[node name="StaticBody54" parent="." index="57" instance=ExtResource( 5 )]
transform = Transform( -1, 0, -8.74228e-08, 0, 1, 0, 8.74228e-08, 0, -1, -1619, -194, -1814 )

[node name="StaticBody55" parent="." index="58" instance=ExtResource( 5 )]
transform = Transform( -1, 0, -8.74228e-08, 0, 1, 0, 8.74228e-08, 0, -1, -1200, -194, -1376 )

[node name="StaticBody56" parent="." index="59" instance=ExtResource( 5 )]
transform = Transform( -1, 0, -8.74228e-08, 0, 1, 0, 8.74228e-08, 0, -1, -1127, -194, -1765 )

[node name="StaticBody57" parent="." index="60" instance=ExtResource( 5 )]
transform = Transform( -1, 0, -8.74228e-08, 0, 1, 0, 8.74228e-08, 0, -1, -1289, -194, -1940 )

[node name="StaticBody58" parent="." index="61" instance=ExtResource( 5 )]
transform = Transform( -1, 0, -8.74228e-08, 0, 1, 0, 8.74228e-08, 0, -1, -1154, -194, -2138 )

[node name="StaticBody59" parent="." index="62" instance=ExtResource( 5 )]
transform = Transform( -1, 0, -8.74228e-08, 0, 1, 0, 8.74228e-08, 0, -1, -1543, -194, -1131 )

[node name="StaticBody60" parent="." index="63" instance=ExtResource( 5 )]
transform = Transform( -1, 0, -8.74228e-08, 0, 1, 0, 8.74228e-08, 0, -1, -1261, -194, -915 )

[node name="StaticBody61" parent="." index="64" instance=ExtResource( 5 )]
transform = Transform( -1, 0, -8.74228e-08, 0, 1, 0, 8.74228e-08, 0, -1, -1544, -176, -886 )

[node name="StaticBody62" parent="." index="65" instance=ExtResource( 5 )]
transform = Transform( -1, 0, -8.74228e-08, 0, 1, 0, 8.74228e-08, 0, -1, -2013, -194, -1805 )

[node name="StaticBody63" parent="." index="66" instance=ExtResource( 5 )]
transform = Transform( -1, 0, -8.74228e-08, 0, 1, 0, 8.74228e-08, 0, -1, -2230, -194, -895 )

[node name="StaticBody64" parent="." index="67" instance=ExtResource( 5 )]
transform = Transform( -0.965926, 0, -0.258819, 0, 1, 0, 0.258819, 0, -0.965926, -1860, -194, -402 )

[node name="StaticBody65" parent="." index="68" instance=ExtResource( 5 )]
transform = Transform( -1, 0, -8.74228e-08, 0, 1, 0, 8.74228e-08, 0, -1, -1287, -194, -559 )

[node name="StaticBody66" parent="." index="69" instance=ExtResource( 5 )]
transform = Transform( -0.965926, -0.258819, -8.74228e-08, -0.258819, 0.965926, 0, 8.44439e-08, 2.26267e-08, -1, -870, -194, -248 )

[node name="StaticBody67" parent="." index="70" instance=ExtResource( 5 )]
transform = Transform( -1, 0, -8.74228e-08, 0, 1, 0, 8.74228e-08, 0, -1, -976, -194, -695 )

[node name="StaticBody68" parent="." index="71" instance=ExtResource( 5 )]
transform = Transform( -1, 0, -8.74228e-08, 0, 1, 0, 8.74228e-08, 0, -1, -1299, -194, -2589 )

[node name="StaticBody69" parent="." index="72" instance=ExtResource( 5 )]
transform = Transform( -1, -2.26267e-08, -8.44439e-08, 0, 0.965926, -0.258819, 8.74228e-08, -0.258819, -0.965926, -2189, -194, -2727 )

[node name="StaticBody70" parent="." index="73" instance=ExtResource( 5 )]
transform = Transform( -1, 0, -8.74228e-08, 0, 1, 0, 8.74228e-08, 0, -1, -2502, -194, -2235 )

[node name="StaticBody71" parent="." index="74" instance=ExtResource( 5 )]
transform = Transform( -1, 0, -8.74228e-08, 0, 1, 0, 8.74228e-08, 0, -1, -2412, -194, -2509 )

[node name="StaticBody72" parent="." index="75" instance=ExtResource( 5 )]
transform = Transform( -1, 0, -8.74228e-08, 0, 1, 0, 8.74228e-08, 0, -1, -2690, -194, -2791 )

[node name="StaticBody73" parent="." index="76" instance=ExtResource( 5 )]
transform = Transform( -1, 0, -8.74228e-08, 0, 1, 0, 8.74228e-08, 0, -1, -2936, -194, -2223 )

[node name="StaticBody74" parent="." index="77" instance=ExtResource( 5 )]
transform = Transform( -1, 4.37114e-08, -7.57103e-08, 0, 0.866025, 0.5, 8.74228e-08, 0.5, -0.866025, -1915, -194, -2884 )

[node name="StaticBody75" parent="." index="78" instance=ExtResource( 5 )]
transform = Transform( -1, 0, -8.74228e-08, 0, 1, 0, 8.74228e-08, 0, -1, -1392, -194, -2960 )

[node name="StaticBody76" parent="." index="79" instance=ExtResource( 5 )]
transform = Transform( -1, 0, -8.74228e-08, 0, 1, 0, 8.74228e-08, 0, -1, -977, -194, -2828 )

[node name="StaticBody77" parent="." index="80" instance=ExtResource( 5 )]
transform = Transform( -1, 0, -8.74228e-08, 0, 1, 0, 8.74228e-08, 0, -1, -717, -194, -2966 )

[node name="StaticBody78" parent="." index="81" instance=ExtResource( 5 )]
transform = Transform( -0.965926, -0.258819, -8.74228e-08, -0.258819, 0.965926, 0, 8.44439e-08, 2.26267e-08, -1, -593, -194, -2461 )

[node name="StaticBody79" parent="." index="82" instance=ExtResource( 5 )]
transform = Transform( -0.965926, -0.258819, -8.44439e-08, -0.25, 0.933013, -0.258819, 0.0669874, -0.25, -0.965926, -827, -194, -2313 )

[node name="StaticBody80" parent="." index="83" instance=ExtResource( 5 )]
transform = Transform( -0.965926, 0.258819, -8.74228e-08, 0.258819, 0.965926, 0, 8.44439e-08, -2.26267e-08, -1, -2178, -194, -2040 )

[node name="StaticBody81" parent="." index="84" instance=ExtResource( 5 )]
transform = Transform( -1, 7.57103e-08, -4.37114e-08, 0, 0.5, 0.866025, 8.74228e-08, 0.866025, -0.5, -1812, -198, -2015 )

[node name="StaticBody82" parent="." index="85" instance=ExtResource( 5 )]
transform = Transform( 0.5, 0, 0.866025, 0, 1, 0, -0.866025, 0, 0.5, -1919.59, -194, 1291.74 )

[node name="StaticBody83" parent="." index="86" instance=ExtResource( 5 )]
transform = Transform( 0.5, 0, 0.866025, 0, 1, 0, -0.866025, 0, 0.5, -2093.25, -194, 1154.53 )

[node name="StaticBody84" parent="." index="87" instance=ExtResource( 5 )]
transform = Transform( 0.5, 0, 0.866025, 0, 1, 0, -0.866025, 0, 0.5, -2446.87, -194, 1097.01 )

[node name="StaticBody85" parent="." index="88" instance=ExtResource( 5 )]
transform = Transform( 0.5, 0, 0.866025, 0, 1, 0, -0.866025, 0, 0.5, -1712.58, -194, 1127.2 )

[node name="StaticBody86" parent="." index="89" instance=ExtResource( 5 )]
transform = Transform( 0.5, 0, 0.866025, 0, 1, 0, -0.866025, 0, 0.5, -1712.58, -194, 1127.2 )

[node name="StaticBody87" parent="." index="90" instance=ExtResource( 5 )]
transform = Transform( 0.5, 0, 0.866025, 0, 1, 0, -0.866025, 0, 0.5, -1456.57, -194, 959.773 )

[node name="StaticBody88" parent="." index="91" instance=ExtResource( 5 )]
transform = Transform( 0.5, 0, 0.866025, 0, 1, 0, -0.866025, 0, 0.5, -1613.83, -194, 1400.15 )

[node name="StaticBody89" parent="." index="92" instance=ExtResource( 5 )]
transform = Transform( 0.5, 0, 0.866025, 0, 1, 0, -0.866025, 0, 0.5, -1395.91, -194, 1292.71 )

[node name="StaticBody90" parent="." index="93" instance=ExtResource( 5 )]
transform = Transform( 0.5, 0, 0.866025, 0, 1, 0, -0.866025, 0, 0.5, -2143.78, -194, 190.047 )

[node name="StaticBody91" parent="." index="94" instance=ExtResource( 5 )]
transform = Transform( 0.5, 0, 0.866025, 0, 1, 0, -0.866025, 0, 0.5, -2460.59, -194, 250.779 )

[node name="StaticBody92" parent="." index="95" instance=ExtResource( 5 )]
transform = Transform( 0.5, 0, 0.866025, 0, 1, 0, -0.866025, 0, 0.5, -1734.96, -194, 163.959 )

[node name="StaticBody93" parent="." index="96" instance=ExtResource( 5 )]
transform = Transform( 0.5, 0, 0.866025, 0, 1, 0, -0.866025, 0, 0.5, -2165.98, -194, 970.507 )

[node name="StaticBody94" parent="." index="97" instance=ExtResource( 5 )]
transform = Transform( 0.5, 0, 0.866025, 0, 1, 0, -0.866025, 0, 0.5, -2754.8, -194, 1114.37 )

[node name="StaticBody95" parent="." index="98" instance=ExtResource( 5 )]
transform = Transform( 0.5, 0, 0.866025, 0, 1, 0, -0.866025, 0, 0.5, -2454.42, -194, 1372.09 )

[node name="StaticBody96" parent="." index="99" instance=ExtResource( 5 )]
transform = Transform( 0.5, 0, 0.866025, 0, 1, 0, -0.866025, 0, 0.5, -2221.86, -194, 1319.29 )

[node name="StaticBody97" parent="." index="100" instance=ExtResource( 5 )]
transform = Transform( 0.5, 0, 0.866025, 0, 1, 0, -0.866025, 0, 0.5, -2117.89, -194, 1535.21 )

[node name="StaticBody98" parent="." index="101" instance=ExtResource( 5 )]
transform = Transform( 0.5, 0, 0.866025, 0, 1, 0, -0.866025, 0, 0.5, -2795.48, -194, 694.824 )

[node name="StaticBody99" parent="." index="102" instance=ExtResource( 5 )]
transform = Transform( 0.5, 0, 0.866025, 0, 1, 0, -0.866025, 0, 0.5, -3123.54, -194, 831.044 )

[node name="StaticBody100" parent="." index="103" instance=ExtResource( 5 )]
transform = Transform( 0.5, 0, 0.866025, 0, 1, 0, -0.866025, 0, 0.5, -3007.15, -176, 571.459 )

[node name="StaticBody101" parent="." index="104" instance=ExtResource( 5 )]
transform = Transform( 0.5, 0, 0.866025, 0, 1, 0, -0.866025, 0, 0.5, -1976.78, -194, 624.792 )

[node name="StaticBody102" parent="." index="105" instance=ExtResource( 5 )]
transform = Transform( 0.5, 0, 0.866025, 0, 1, 0, -0.866025, 0, 0.5, -2656.36, -194, -18.135 )

[node name="StaticBody103" parent="." index="106" instance=ExtResource( 5 )]
transform = Transform( 0.258819, 0, 0.965926, 0, 1, 0, -0.965926, 0, 0.258819, -3268.31, -194, 55.7947 )

[node name="StaticBody104" parent="." index="107" instance=ExtResource( 5 )]
transform = Transform( 0.5, 0, 0.866025, 0, 1, 0, -0.866025, 0, 0.5, -3418.84, -194, 630.527 )

[node name="StaticBody105" parent="." index="108" instance=ExtResource( 5 )]
transform = Transform( 0.482963, 0.12941, 0.866025, -0.258819, 0.965926, 0, -0.836516, -0.224144, 0.5, -3896.68, -194, 836.16 )

[node name="StaticBody106" parent="." index="109" instance=ExtResource( 5 )]
transform = Transform( 0.5, 0, 0.866025, 0, 1, 0, -0.866025, 0, 0.5, -3456.57, -194, 967.861 )

[node name="StaticBody107" parent="." index="110" instance=ExtResource( 5 )]
transform = Transform( 0.5, 0, 0.866025, 0, 1, 0, -0.866025, 0, 0.5, -1654.81, -194, 1635.13 )

[node name="StaticBody108" parent="." index="111" instance=ExtResource( 5 )]
transform = Transform( 0.5, 0.224144, 0.836516, 0, 0.965926, -0.258819, -0.866025, 0.12941, 0.482963, -1090.3, -194, 933.372 )

[node name="StaticBody109" parent="." index="112" instance=ExtResource( 5 )]
transform = Transform( 0.5, 0, 0.866025, 0, 1, 0, -0.866025, 0, 0.5, -1359.89, -194, 416.306 )

[node name="StaticBody111" parent="." index="113" instance=ExtResource( 5 )]
transform = Transform( 0.5, 0, 0.866025, 0, 1, 0, -0.866025, 0, 0.5, -784.376, -194, 531.493 )

[node name="StaticBody112" parent="." index="114" instance=ExtResource( 5 )]
transform = Transform( 0.5, 0, 0.866025, 0, 1, 0, -0.866025, 0, 0.5, -1153.28, -194, 34.4512 )

[node name="StaticBody113" parent="." index="115" instance=ExtResource( 5 )]
transform = Transform( 0.5, -0.433013, 0.75, 0, 0.866025, 0.5, -0.866025, -0.25, 0.433013, -1091.34, -194, 1249.16 )

[node name="StaticBody114" parent="." index="116" instance=ExtResource( 5 )]
transform = Transform( 0.5, 0, 0.866025, 0, 1, 0, -0.866025, 0, 0.5, -1287.02, -194, 1740.09 )

[node name="StaticBody115" parent="." index="117" instance=ExtResource( 5 )]
transform = Transform( 0.5, 0, 0.866025, 0, 1, 0, -0.866025, 0, 0.5, -1608.83, -194, 2033.5 )

[node name="StaticBody116" parent="." index="118" instance=ExtResource( 5 )]
transform = Transform( 0.5, 0, 0.866025, 0, 1, 0, -0.866025, 0, 0.5, -1619.32, -194, 2327.66 )

[node name="StaticBody117" parent="." index="119" instance=ExtResource( 5 )]
transform = Transform( 0.482963, 0.12941, 0.866025, -0.258819, 0.965926, 0, -0.836516, -0.224144, 0.5, -2118.66, -194, 2182.55 )

[node name="StaticBody118" parent="." index="120" instance=ExtResource( 5 )]
transform = Transform( 0.42495, 0.345916, 0.836516, -0.25, 0.933013, -0.258819, -0.87001, -0.0991439, 0.482963, -2129.84, -194, 1905.9 )

[node name="StaticBody119" parent="." index="121" instance=ExtResource( 5 )]
transform = Transform( 0.482963, -0.12941, 0.866025, 0.258819, 0.965926, 0, -0.836516, 0.224144, 0.5, -1690.76, -194, 599.398 )

[node name="StaticBody120" parent="." index="122" instance=ExtResource( 5 )]
transform = Transform( 0.5, -0.75, 0.433013, 0, 0.5, 0.866025, -0.866025, -0.433013, 0.25, -1895.41, -198, 903.864 )

[node name="Rock1" parent="." index="123" instance=ExtResource( 15 )]
transform = Transform( -185.328, 95.0623, -97.2269, 118.854, 193.092, -37.7593, 66.0582, -80.7167, -204.835, 466.994, -133.31, 933.645 )
material/0 = SubResource( 2 )

[node name="Rock2" parent="." index="124" instance=ExtResource( 14 )]
transform = Transform( -155.774, -41.9745, 303.685, -8.91419, 341.116, 42.5755, -306.443, 11.414, -155.61, -157.28, -197.576, 588.194 )
material/0 = SubResource( 1 )
