[gd_scene load_steps=19 format=2]

[ext_resource path="res://Scenes/Islands/Terain_Data_IS02/data.hterrain" type="Resource" id=1]
[ext_resource path="res://Assets/Building/BuildingDust3.tscn" type="PackedScene" id=2]
[ext_resource path="res://Scenes/Env_Assets/Antena2.tscn" type="PackedScene" id=3]
[ext_resource path="res://Assets/Building/BuildingDust2.tscn" type="PackedScene" id=4]
[ext_resource path="res://Scenes/Islands/IslandBase.tscn" type="PackedScene" id=5]
[ext_resource path="res://Assets/Building/BuildingDust4.tscn" type="PackedScene" id=6]
[ext_resource path="res://Assets/Building/BuildingComposition.tscn" type="PackedScene" id=7]
[ext_resource path="res://Scenes/Env_Assets/CylinderThingHuge.tscn" type="PackedScene" id=8]
[ext_resource path="res://Assets/Clutter/Rock/Rock.obj" type="ArrayMesh" id=9]
[ext_resource path="res://Scenes/Env_Assets/CylinderThing.tscn" type="PackedScene" id=10]
[ext_resource path="res://Assets/Building/BuildingDust.tscn" type="PackedScene" id=11]
[ext_resource path="res://Scenes/Env_Assets/Antena.tscn" type="PackedScene" id=12]
[ext_resource path="res://Assets/TerainTex/Rock035_1K-JPG/Rock035_1K-JPG_Col2or.jpg" type="Texture" id=13]
[ext_resource path="res://addons/zylann.hterrain/hterrain_detail_layer.gd" type="Script" id=14]
[ext_resource path="res://addons/zylann.hterrain/tools/icons/icon_detail_layer_node.svg" type="Texture" id=15]
[ext_resource path="res://Assets/TerainRockShader.tres" type="Shader" id=16]

[sub_resource type="OpenSimplexNoise" id=1]

[sub_resource type="NoiseTexture" id=2]
width = 256
height = 256
noise = SubResource( 1 )

[node name="Island" instance=ExtResource( 5 )]

[node name="HTerrain" parent="." index="0"]
transform = Transform( 35, 0, 0, 0, 70, 0, 0, 0, 35, 0, 0, 0 )
ambient_wind = 0.05
_terrain_data = ExtResource( 1 )

[node name="HTerrainDetailLayer" type="Spatial" parent="HTerrain" index="0"]
script = ExtResource( 14 )
__meta__ = {
"_editor_icon": ExtResource( 15 )
}
texture = ExtResource( 13 )
view_distance = 500.0
custom_shader = ExtResource( 16 )
density = 2.0
instance_mesh = ExtResource( 9 )
shader_params/u_globalmap_tint_bottom = 1.0
shader_params/u_globalmap_tint_top = 1.0
shader_params/u_bottom_ao = 0.61
shader_params/u_instance_scale = Vector3( 0.05, 0.05, 0.05 )
shader_params/surfaceNoise = SubResource( 2 )

[node name="House" parent="." index="1" instance=ExtResource( 7 )]
transform = Transform( -0.186987, 0, 0.982362, 0, 1, 0, -0.982362, 0, -0.186987, 310.063, 18.6989, 1341.19 )

[node name="House2" parent="." index="2" instance=ExtResource( 7 )]
transform = Transform( 0.325172, 0, 0.945656, 0, 1, 0, -0.945656, 0, 0.325172, 309.026, 17.4169, 1299.18 )

[node name="House3" parent="." index="3" instance=ExtResource( 7 )]
transform = Transform( 0.97901, 0, 0.203813, 0, 1, 0, -0.203813, 0, 0.97901, 357.306, 16.2345, 1266.46 )

[node name="StaticBody" parent="." index="4" instance=ExtResource( 12 )]
transform = Transform( 22.0028, 6.80931, 0, -6.80931, 22.0028, 0, 0, 0, 23.0323, 206.954, -16.5524, 305.759 )

[node name="StaticBody2" parent="." index="5" instance=ExtResource( 12 )]
transform = Transform( 0.996883, 0.0788941, 0, -0.0788941, 0.996883, 0, 0, 0, 1, 687.048, 3.34714, 1360.99 )

[node name="StaticBody3" parent="." index="6" instance=ExtResource( 12 )]
transform = Transform( 0.898711, -0.404989, 0.168234, 0.437748, 0.851507, -0.288637, -0.0263574, 0.333045, 0.942542, 23.5999, 42.4868, 186.299 )

[node name="StaticBody4" parent="." index="7" instance=ExtResource( 12 )]
transform = Transform( 0.509204, 1.74201, 8.70979, -7.83719, 4.19379, -0.380598, -4.18013, -7.6506, 1.77456, -676.157, -170.06, -208.026 )

[node name="StaticBody5" parent="." index="8" instance=ExtResource( 8 )]
transform = Transform( 0.56882, -0.321441, 0.757046, 0, 0.920464, 0.390828, -0.822462, -0.222311, 0.523579, 729.52, -125.535, 420.581 )

[node name="StaticBody6" parent="." index="9" instance=ExtResource( 10 )]
transform = Transform( -0.983524, -0.110882, 0.142782, -0.180122, 0.66837, -0.721691, -0.0154093, -0.735518, -0.67733, -93.7762, -137.851, -392.701 )

[node name="DestBuilding6" parent="." index="10" instance=ExtResource( 6 )]
transform = Transform( -0.746464, 0, -0.665426, -0.579397, 0.491785, 0.649958, 0.327247, 0.870716, -0.3671, 510.196, 8.95489, -217.584 )

[node name="DestBuilding2" parent="." index="11" instance=ExtResource( 11 )]
transform = Transform( -0.56971, 0.0662064, 0.819175, -0.152434, 0.970942, -0.184485, -0.807586, -0.229973, -0.543063, -568.853, -147.96, -408.817 )

[node name="DestBuilding11" parent="." index="12" instance=ExtResource( 11 )]
transform = Transform( 0.443938, 0.369131, -0.816494, 0.388233, -0.900474, -0.196012, -0.807586, -0.229973, -0.543063, 187.496, -101.765, -690.577 )

[node name="DestBuilding" parent="." index="13" instance=ExtResource( 11 )]
transform = Transform( 0.865465, -0.44234, -0.235172, 0.50097, 0.763851, 0.406892, -0.000348179, -0.469965, 0.882685, -123.187, -82.212, -1043.43 )

[node name="DestBuilding7" parent="." index="14" instance=ExtResource( 11 )]
transform = Transform( 0.353849, -0.867831, -0.3488, 0.542144, 0.494198, -0.679594, 0.762149, 0.051374, 0.645361, 333.084, -46.3994, 1196.09 )

[node name="DestBuilding8" parent="." index="15" instance=ExtResource( 11 )]
transform = Transform( 0.178694, 0.109919, -0.977746, -0.0773157, 0.992236, 0.0974174, 0.980863, 0.0581866, 0.185805, -1525.57, 40.9234, 1249.71 )

[node name="DestBuilding3" parent="." index="16" instance=ExtResource( 4 )]
transform = Transform( 0.510915, -0.177819, -0.841039, 0.328702, 0.944434, 0, 0.794306, -0.276451, 0.540974, -432.035, -115.45, -1066.35 )

[node name="DestBuilding4" parent="." index="17" instance=ExtResource( 4 )]
transform = Transform( -0.64313, -0.402167, -0.651649, -0.207871, 0.910721, -0.356898, 0.737003, -0.094073, -0.669311, 522.012, -144.076, -380.2 )

[node name="DestBuilding5" parent="." index="18" instance=ExtResource( 2 )]
transform = Transform( -0.787934, -0.526188, 0.319822, 0.184472, 0.293823, 0.937891, -0.587479, 0.797993, -0.134446, 660.998, -130.951, -1205.98 )

[node name="StaticBody7" parent="." index="19" instance=ExtResource( 3 )]
transform = Transform( -11.6495, -2.59181, -18.8488, -6.27688, 21.3875, 0.93852, 17.9609, 5.79331, -11.8973, -816.801, -355.86, 903.905 )
