[gd_scene load_steps=14 format=2]

[ext_resource path="res://Scenes/Islands/Terain_Data_IS02/data.hterrain" type="Resource" id=1]
[ext_resource path="res://Assets/Building/BuildingDust3.tscn" type="PackedScene" id=2]
[ext_resource path="res://Scenes/Env_Assets/Antena2.tscn" type="PackedScene" id=3]
[ext_resource path="res://Assets/Building/BuildingDust2.tscn" type="PackedScene" id=4]
[ext_resource path="res://Scenes/Islands/IslandBase.tscn" type="PackedScene" id=5]
[ext_resource path="res://Assets/Building/BuildingDust4.tscn" type="PackedScene" id=6]
[ext_resource path="res://Assets/Building/BuildingComposition.tscn" type="PackedScene" id=7]
[ext_resource path="res://Scenes/Env_Assets/CylinderThingHuge.tscn" type="PackedScene" id=8]
[ext_resource path="res://Scenes/Env_Assets/CylinderThing.tscn" type="PackedScene" id=10]
[ext_resource path="res://Assets/Building/BuildingDust.tscn" type="PackedScene" id=11]
[ext_resource path="res://Scenes/Env_Assets/Antena.tscn" type="PackedScene" id=12]
[ext_resource path="res://Scenes/Env_Assets/PlatformWood.tscn" type="PackedScene" id=17]
[ext_resource path="res://Scenes/House.tscn" type="PackedScene" id=18]

[node name="Island" instance=ExtResource( 5 )]

[node name="HTerrain" parent="." index="0"]
ambient_wind = 0.05
map_scale = Vector3( 35, 70, 35 )
_terrain_data = ExtResource( 1 )

[node name="House2" parent="." index="1" instance=ExtResource( 7 )]
transform = Transform( 0.325172, 0, 0.945656, 0, 1, 0, -0.945656, 0, 0.325172, 309.026, 17.4169, 1299.18 )

[node name="House3" parent="." index="2" instance=ExtResource( 7 )]
transform = Transform( 0.97901, 0, 0.203813, 0, 1, 0, -0.203813, 0, 0.97901, 357.306, 16.2345, 1266.46 )

[node name="StaticBody" parent="." index="3" instance=ExtResource( 12 )]
transform = Transform( 22.0028, 6.80931, 0, -6.80931, 22.0028, 0, 0, 0, 23.0323, 207.244, -83.5129, 348.216 )

[node name="StaticBody2" parent="." index="4" instance=ExtResource( 12 )]
transform = Transform( 0.996883, 0.0788941, 0, -0.0788941, 0.996883, 0, 0, 0, 1, 687.048, 3.34714, 1360.99 )

[node name="StaticBody3" parent="." index="5" instance=ExtResource( 12 )]
transform = Transform( 0.898711, -0.404989, 0.168234, 0.437748, 0.851507, -0.288637, -0.0263574, 0.333045, 0.942542, 23.5999, 42.4868, 186.299 )

[node name="StaticBody4" parent="." index="6" instance=ExtResource( 12 )]
transform = Transform( 0.509204, 1.74201, 8.70979, -7.83719, 4.19379, -0.380598, -4.18013, -7.6506, 1.77456, -676.157, -170.06, -208.026 )

[node name="StaticBody5" parent="." index="7" instance=ExtResource( 8 )]
transform = Transform( 0.56882, -0.321441, 0.757046, 0, 0.920464, 0.390828, -0.822462, -0.222311, 0.523579, 729.52, -125.535, 420.581 )

[node name="StaticBody6" parent="." index="8" instance=ExtResource( 10 )]
transform = Transform( -0.983524, -0.110882, 0.142782, -0.180122, 0.66837, -0.721691, -0.0154093, -0.735518, -0.67733, -93.7762, -137.851, -392.701 )

[node name="DestBuilding6" parent="." index="9" instance=ExtResource( 6 )]
transform = Transform( -0.746464, 0, -0.665426, -0.579397, 0.491785, 0.649958, 0.327247, 0.870716, -0.3671, 510.196, 8.95489, -217.584 )

[node name="DestBuilding2" parent="." index="10" instance=ExtResource( 11 )]
transform = Transform( -0.56971, 0.0662064, 0.819175, -0.152434, 0.970942, -0.184485, -0.807586, -0.229973, -0.543063, -568.853, -147.96, -408.817 )

[node name="DestBuilding11" parent="." index="11" instance=ExtResource( 11 )]
transform = Transform( 0.443938, 0.369131, -0.816494, 0.388233, -0.900474, -0.196012, -0.807586, -0.229973, -0.543063, 187.496, -101.765, -690.577 )

[node name="DestBuilding" parent="." index="12" instance=ExtResource( 11 )]
transform = Transform( 0.865465, -0.44234, -0.235172, 0.50097, 0.763851, 0.406892, -0.000348179, -0.469965, 0.882685, -123.187, -82.212, -1043.43 )

[node name="DestBuilding7" parent="." index="13" instance=ExtResource( 11 )]
transform = Transform( 0.353849, -0.867831, -0.3488, 0.542144, 0.494198, -0.679594, 0.762149, 0.051374, 0.645361, 333.084, -46.3994, 1196.09 )

[node name="DestBuilding8" parent="." index="14" instance=ExtResource( 11 )]
transform = Transform( 0.178694, 0.109919, -0.977746, -0.0773157, 0.992236, 0.0974174, 0.980863, 0.0581866, 0.185805, -1525.57, 40.9234, 1249.71 )

[node name="DestBuilding9" parent="." index="15" instance=ExtResource( 11 )]
transform = Transform( 0.548747, -0.0392286, 0.835068, -0.402876, 0.862844, 0.305274, -0.732509, -0.503946, 0.457679, -2035.48, 150.264, 864.321 )

[node name="DestBuilding10" parent="." index="16" instance=ExtResource( 11 )]
transform = Transform( -0.400488, -0.466105, 0.788896, -0.402876, 0.862844, 0.305274, -0.822984, -0.195568, -0.53334, -1944.34, 135.713, 2498.16 )

[node name="DestBuilding3" parent="." index="17" instance=ExtResource( 4 )]
transform = Transform( 0.510915, -0.177819, -0.841039, 0.328702, 0.944434, 0, 0.794306, -0.276451, 0.540974, -432.035, -115.45, -1066.35 )

[node name="DestBuilding4" parent="." index="18" instance=ExtResource( 4 )]
transform = Transform( -0.64313, -0.402167, -0.651649, -0.207871, 0.910721, -0.356898, 0.737003, -0.094073, -0.669311, 522.012, -144.076, -380.2 )

[node name="DestBuilding5" parent="." index="19" instance=ExtResource( 2 )]
transform = Transform( -0.787934, -0.526188, 0.319822, 0.184472, 0.293823, 0.937891, -0.587479, 0.797993, -0.134446, 660.998, -130.951, -1205.98 )

[node name="StaticBody7" parent="." index="20" instance=ExtResource( 3 )]
transform = Transform( -11.6495, -2.59181, -18.8488, -6.27688, 21.3875, 0.93852, 17.9609, 5.79331, -11.8973, -816.801, -355.86, 903.905 )

[node name="StaticBody8" parent="." index="26" instance=ExtResource( 17 )]
transform = Transform( 0.994712, 0, 0.102706, 0, 1, 0, -0.102706, 0, 0.994712, 278.443, -16.0191, 1364.87 )

[node name="DestBuilding12" parent="." index="27" instance=ExtResource( 6 )]
transform = Transform( -0.942415, 0.272364, -0.19409, -0.0690117, 0.409476, 0.909707, 0.327247, 0.870716, -0.3671, -2357.75, 167.829, 1609.39 )

[node name="DestBuilding13" parent="." index="28" instance=ExtResource( 6 )]
transform = Transform( -0.942415, 0.272364, -0.19409, -0.0690117, 0.409476, 0.909707, 0.327247, 0.870716, -0.3671, -2181.86, 181.081, 872.389 )

[node name="StaticBody15" parent="." index="29" instance=ExtResource( 18 )]
transform = Transform( 1, 0, 0, 0, 1, 0, 0, 0, 1, -612.723, -215.397, 1549.88 )

[node name="StaticBody16" parent="." index="30" instance=ExtResource( 18 )]
transform = Transform( 1, 0, 0, 0, 1, 0, 0, 0, 1, -426.904, -215.397, 1534.54 )

[node name="StaticBody17" parent="." index="31" instance=ExtResource( 18 )]
transform = Transform( 1, 0, 0, 0, 1, 0, 0, 0, 1, -258.058, -155.811, 1584.92 )

[node name="StaticBody18" parent="." index="32" instance=ExtResource( 18 )]
transform = Transform( 1, 0, 0, 0, 1, 0, 0, 0, 1, -131.503, -155.811, 1318.21 )

[node name="StaticBody19" parent="." index="33" instance=ExtResource( 18 )]
transform = Transform( 1, 0, 0, 0, 1, 0, 0, 0, 1, 47.0041, -155.811, 1646.46 )

[node name="StaticBody20" parent="." index="34" instance=ExtResource( 18 )]
transform = Transform( 1, 0, 0, 0, 1, 0, 0, 0, 1, -135.752, -179.596, 1942.72 )

[node name="StaticBody21" parent="." index="35" instance=ExtResource( 18 )]
transform = Transform( 1, 0, 0, 0, 1, 0, 0, 0, 1, -1095.75, -137.688, 1215.97 )

[node name="StaticBody22" parent="." index="36" instance=ExtResource( 18 )]
transform = Transform( 1, 0, 0, 0, 1, 0, 0, 0, 1, -526.822, -162.235, 1297.67 )

[node name="StaticBody23" parent="." index="37" instance=ExtResource( 18 )]
transform = Transform( 1, 0, 0, 0, 1, 0, 0, 0, 1, -278.143, -162.235, 1450.45 )

[node name="StaticBody24" parent="." index="38" instance=ExtResource( 18 )]
transform = Transform( 1, 0, 0, 0, 1, 0, 0, 0, 1, -753.028, -162.235, 1750.21 )

[node name="StaticBody25" parent="." index="39" instance=ExtResource( 18 )]
transform = Transform( 1, 0, 0, 0, 1, 0, 0, 0, 1, -427.915, -162.235, 1967.19 )

[node name="StaticBody26" parent="." index="40" instance=ExtResource( 18 )]
transform = Transform( 1, 0, 0, 0, 1, 0, 0, 0, 1, -661.065, -162.235, 2053.62 )

[node name="StaticBody27" parent="." index="41" instance=ExtResource( 18 )]
transform = Transform( 1, 0, 0, 0, 1, 0, 0, 0, 1, -860.662, -162.235, 1900.87 )

[node name="StaticBody28" parent="." index="42" instance=ExtResource( 18 )]
transform = Transform( 1, 0, 0, 0, 1, 0, 0, 0, 1, -1094.87, -162.235, 1520.85 )

[node name="StaticBody29" parent="." index="43" instance=ExtResource( 18 )]
transform = Transform( 1, 0, 0, 0, 1, 0, 0, 0, 1, -1184.19, -162.235, 2050.97 )

[node name="StaticBody30" parent="." index="44" instance=ExtResource( 18 )]
transform = Transform( 1, 0, 0, 0, 1, 0, 0, 0, 1, -1184.19, -162.235, 2050.97 )

[node name="StaticBody31" parent="." index="45" instance=ExtResource( 18 )]
transform = Transform( 1, 0, 0, 0, 1, 0, 0, 0, 1, -441.794, -162.235, 908.541 )

[node name="StaticBody32" parent="." index="46" instance=ExtResource( 18 )]
transform = Transform( 1, 0, 0, 0, 1, 0, 0, 0, 1, -188.906, -162.235, 1049.73 )

[node name="StaticBody33" parent="." index="47" instance=ExtResource( 18 )]
transform = Transform( 1, 0, 0, 0, 1, 0, 0, 0, 1, -344.906, -162.235, 1163.73 )

[node name="StaticBody34" parent="." index="48" instance=ExtResource( 18 )]
transform = Transform( 1, 0, 0, 0, 1, 0, 0, 0, 1, -549.239, -162.235, 2433.44 )

[node name="StaticBody35" parent="." index="49" instance=ExtResource( 18 )]
transform = Transform( 1, 0, 0, 0, 1, 0, 0, 0, 1, -1231.27, -162.235, 2426.53 )

[node name="StaticBody36" parent="." index="50" instance=ExtResource( 18 )]
transform = Transform( 1, 0, 0, 0, 1, 0, 0, 0, 1, -614.091, -162.235, 2743.07 )
