[gd_scene load_steps=14 format=2]

[ext_resource path="res://addons/zylann.hterrain/hterrain.gd" type="Script" id=1]
[ext_resource path="res://Scenes/Door.tscn" type="PackedScene" id=2]
[ext_resource path="res://Scripts/Island.cs" type="Script" id=3]
[ext_resource path="res://Scenes/Env_Assets/Antena.tscn" type="PackedScene" id=4]
[ext_resource path="res://addons/zylann.hterrain/hterrain_texture_set.gd" type="Script" id=5]
[ext_resource path="res://Scenes/Islands/Terain_7_Data/data.hterrain" type="Resource" id=6]
[ext_resource path="res://Scenes/Islands/Island7_slot0_albedo_bump.packed_tex" type="Texture" id=7]
[ext_resource path="res://Scenes/Islands/Island7_slot0_normal_roughness.packed_tex" type="Texture" id=8]
[ext_resource path="res://Scenes/Env_Assets/CylinderThingHuge.tscn" type="PackedScene" id=11]
[ext_resource path="res://Scenes/House.tscn" type="PackedScene" id=12]

[sub_resource type="Resource" id=1]
script = ExtResource( 5 )
mode = 0
textures = [ [ ExtResource( 7 ) ], [ ExtResource( 8 ) ] ]

[sub_resource type="SpatialMaterial" id=14]
albedo_color = Color( 0, 0, 0, 1 )

[sub_resource type="CubeMesh" id=15]
material = SubResource( 14 )
flip_faces = true
size = Vector3( 2000, 2000, 2000 )

[node name="Island" type="Spatial" groups=["Islands"]]
script = ExtResource( 3 )

[node name="StaticBody" parent="." instance=ExtResource( 4 )]
transform = Transform( 0.939902, 0.266529, -0.213415, -0.311772, 0.924775, -0.218148, 0.139218, 0.271575, 0.952295, 187.413, 130.421, 267.676 )

[node name="StaticBody3" parent="." instance=ExtResource( 4 )]
transform = Transform( 3.25881, -0.711671, 4.04427, -3.48878, 2.24334, 3.20596, -2.16587, -4.68437, 0.920913, -468.566, 79.7801, 13.0891 )

[node name="StaticBody2" parent="." instance=ExtResource( 4 )]
transform = Transform( 24.4248, 6.92616, -5.54592, -3.72829, 22.7503, 11.9926, 8.05163, -10.4762, 22.3768, -56.2042, -86.1548, -5.55276 )

[node name="Door_Left" parent="." instance=ExtResource( 2 )]
transform = Transform( -4.37114e-08, 0, 1, 0, 1, 0, -1, 0, -4.37114e-08, -1000, 0, 0 )

[node name="Door_Down" parent="." instance=ExtResource( 2 )]
transform = Transform( -1, 0, -8.74228e-08, 0, 1, 0, 8.74228e-08, 0, -1, 0, 0, 1000 )

[node name="Door_Top" parent="." instance=ExtResource( 2 )]
transform = Transform( 1, 0, 0, 0, 1, 0, 0, 0, 1, 0, 0, -1000 )

[node name="Door_Right" parent="." instance=ExtResource( 2 )]
transform = Transform( -4.37114e-08, 0, -1, 0, 1, 0, 1, 0, -4.37114e-08, 1000, 0, 0 )

[node name="StaticBody13" parent="." instance=ExtResource( 12 )]
transform = Transform( 0.847752, -0.485784, 0.21291, 0.530393, 0.776451, -0.340305, 0, 0.40142, 0.915894, -61.4578, -15.5981, 287.673 )

[node name="StaticBody14" parent="." instance=ExtResource( 12 )]
transform = Transform( 1, 0, 0, 0, 1, 0, 0, 0, 1, 464.469, -7.25391, 546.982 )

[node name="StaticBody15" parent="." instance=ExtResource( 12 )]
transform = Transform( 1, 0, 0, 0, 1, 0, 0, 0, 1, 330.355, -36.2652, 508.407 )

[node name="StaticBody16" parent="." instance=ExtResource( 12 )]
transform = Transform( 1, 0, 0, 0, 0.995517, 0.0945774, 0, -0.0945774, 0.995517, -503.466, 29.4255, -239.651 )

[node name="StaticBody18" parent="." instance=ExtResource( 12 )]
transform = Transform( 0.893951, 0.302296, -0.33086, -0.294017, 0.952765, 0.0761052, 0.338238, 0.0292441, 0.940606, 382.533, -24.3659, -551.921 )

[node name="StaticBody19" parent="." instance=ExtResource( 12 )]
transform = Transform( 0.701618, -0.712553, 0, 0.712553, 0.701618, 0, 0, 0, 1, 714.745, -67.6932, 33.4504 )

[node name="StaticBody20" parent="." instance=ExtResource( 12 )]
transform = Transform( 1, 0, 0, 0, 1, 0, 0, 0, 1, -349.668, -37.3265, -693.146 )

[node name="StaticBody21" parent="." instance=ExtResource( 12 )]
transform = Transform( 0.966381, -0.257116, 0, 0.257116, 0.966381, 0, 0, 0, 1, 166.061, -37.3265, -319.533 )

[node name="StaticBody17" parent="." instance=ExtResource( 12 )]
transform = Transform( 0.792811, 0.24764, -0.556889, 0, 0.91373, 0.406322, 0.609467, -0.322137, 0.724415, -617.53, -42.1274, 408.807 )

[node name="HTerrain" type="Spatial" parent="."]
script = ExtResource( 1 )
lod_scale = 2.0
map_scale = Vector3( 7.813, 2, 7.813 )
centered = true
_terrain_data = ExtResource( 6 )
chunk_size = 32
collision_enabled = true
collision_layer = 4
collision_mask = 0
shader_type = "Classic4"
custom_shader = null
custom_globalmap_shader = null
texture_set = SubResource( 1 )
render_layers = 1
shader_params/u_ground_uv_scale_per_texture = Plane( 10, 10, 10, 10 )
shader_params/u_depth_blending = true
shader_params/u_triplanar = true
shader_params/u_tile_reduction = Plane( 0, 0, 0, 0 )
shader_params/u_globalmap_blend_start = null
shader_params/u_globalmap_blend_distance = null
shader_params/u_colormap_opacity_per_texture = Plane( 1, 1, 1, 1 )

[node name="MeshInstance" type="MeshInstance" parent="HTerrain"]
transform = Transform( 1, 0, 0, 0, 1, 0, 0, 0, 1, 0, -1000, 0 )
layers = 0
generate_lightmap = false
mesh = SubResource( 15 )

[node name="StaticBody4" parent="." instance=ExtResource( 11 )]
transform = Transform( -0.228419, 0.454402, -0.861013, -0.973563, -0.106613, 0.202012, 0, 0.884394, 0.466742, 89.9829, 10.2499, 9.56927 )
