[gd_scene load_steps=9 format=2]

[ext_resource path="res://Scenes/Islands/IslandBase.tscn" type="PackedScene" id=1]
[ext_resource path="res://Scenes/Islands/Terain_Data_IS17/data.hterrain" type="Resource" id=2]
[ext_resource path="res://Assets/Building/BuildingDust.tscn" type="PackedScene" id=3]
[ext_resource path="res://Assets/Building/BuildingDust2.tscn" type="PackedScene" id=4]
[ext_resource path="res://Assets/Building/BuildingDust4.tscn" type="PackedScene" id=5]
[ext_resource path="res://Assets/Building/BuildingDust3.tscn" type="PackedScene" id=6]
[ext_resource path="res://Assets/Building/BuildingComposition.tscn" type="PackedScene" id=7]
[ext_resource path="res://Scenes/Env_Assets/Fireplace.tscn" type="PackedScene" id=8]

[node name="Island" instance=ExtResource( 1 )]

[node name="HTerrain" parent="." index="0"]
transform = Transform( 35, 0, 0, 0, 20, 0, 0, 0, 35, 0, -100, 0 )
_terrain_data = ExtResource( 2 )

[node name="DestBuilding" parent="." index="1" instance=ExtResource( 4 )]
transform = Transform( 0.777947, 0, 0.62833, 0, 1, 0, -0.62833, 0, 0.777947, 1203.49, -80.4238, 565.316 )

[node name="DestBuilding8" parent="." index="2" instance=ExtResource( 4 )]
transform = Transform( -0.62833, 0, 0.777947, 0, 1, 0, -0.777947, 0, -0.62833, 1210.21, -108.576, 516.304 )

[node name="DestBuilding10" parent="." index="3" instance=ExtResource( 4 )]
transform = Transform( -0.966187, 0.230508, 0.115536, 0.228878, 0.97307, -0.027369, -0.118733, 0, -0.992926, 349.029, -85.3899, -1611.23 )

[node name="DestBuilding11" parent="." index="4" instance=ExtResource( 4 )]
transform = Transform( -0.115536, 0.230508, -0.966187, 0.027369, 0.97307, 0.228878, 0.992926, 0, -0.118733, 303.812, -103.61, -1581.85 )

[node name="DestBuilding2" parent="." index="5" instance=ExtResource( 6 )]
transform = Transform( 0.958068, -0.286541, 0, 0.148731, 0.497292, 0.85474, -0.244918, -0.818899, 0.519057, -975.341, -170.99, -1372.17 )

[node name="DestBuilding6" parent="." index="6" instance=ExtResource( 6 )]
transform = Transform( 0.152917, -0.850763, -0.502811, -0.528293, 0.359617, -0.769143, 0.835178, 0.383247, -0.394461, -1249.31, -170.99, -1372.17 )

[node name="DestBuilding7" parent="." index="7" instance=ExtResource( 6 )]
transform = Transform( 0.848976, 0.236614, -0.472497, -0.528293, 0.359617, -0.769143, -0.0120723, 0.902601, 0.430308, -683.953, -158.639, -705.684 )

[node name="DestBuilding3" parent="." index="8" instance=ExtResource( 5 )]
transform = Transform( 1, 0, 0, 0, 0.410782, 0.911733, 0, -0.911733, 0.410782, -160.837, -60.0705, -272.076 )

[node name="DestBuilding5" parent="." index="9" instance=ExtResource( 5 )]
transform = Transform( 1, 0, 0, 0, -0.978871, 0.204479, 0, -0.204479, -0.978871, -178.094, -68.6143, -445.527 )

[node name="DestBuilding4" parent="." index="10" instance=ExtResource( 3 )]
transform = Transform( -0.569519, -0.299668, -0.765407, -0.36813, 0.925557, -0.0884535, 0.734934, 0.231393, -0.637439, 181.968, -51.7021, -117.708 )

[node name="DestBuilding12" parent="." index="11" instance=ExtResource( 3 )]
transform = Transform( 0.876902, -0.00466019, -0.480647, 0.364881, 0.657385, 0.659323, 0.312898, -0.75354, 0.578163, 1855.39, -76.6318, -819.964 )

[node name="DestBuilding9" parent="." index="12" instance=ExtResource( 3 )]
transform = Transform( -0.339621, -0.0151676, -0.94044, -0.0621629, 0.998046, 0.00635212, 0.938506, 0.0606178, -0.3399, 1255.9, -92.2685, 823.582 )

[node name="House" parent="." index="13" instance=ExtResource( 7 )]
transform = Transform( 0.029736, 0, 0.999558, 0, 1, 0, -0.999558, 0, 0.029736, 1151.71, -100.433, -1529.69 )

[node name="House2" parent="." index="14" instance=ExtResource( 7 )]
transform = Transform( 0.321043, 0, -0.947065, 0, 1, 0, 0.947065, 0, 0.321043, 1384.29, -99.644, -1635.01 )

[node name="House3" parent="." index="15" instance=ExtResource( 7 )]
transform = Transform( 0.859558, 0, -0.511038, 0, 1, 0, 0.511038, 0, 0.859558, 1332.11, -100.133, -1691.95 )

[node name="Fireplace" parent="." index="16" instance=ExtResource( 8 )]
transform = Transform( 1, 0, 0, 0, 1, 0, 0, 0, 1, 1365.14, -100.02, -1638.44 )
