[gd_scene load_steps=5 format=2]

[ext_resource path="res://Scenes/Islands/IslandBase.tscn" type="PackedScene" id=1]
[ext_resource path="res://Scenes/Env_Assets/Antena.tscn" type="PackedScene" id=4]
[ext_resource path="res://Scenes/Env_Assets/CylinderThingHuge.tscn" type="PackedScene" id=11]
[ext_resource path="res://Scenes/House.tscn" type="PackedScene" id=12]

[node name="Island" instance=ExtResource( 1 )]

[node name="StaticBody" parent="." index="1" instance=ExtResource( 4 )]
transform = Transform( 0.939902, 0.266529, -0.213415, -0.311772, 0.924775, -0.218148, 0.139218, 0.271575, 0.952295, 2.1306, 130.421, 254.235 )

[node name="StaticBody3" parent="." index="2" instance=ExtResource( 4 )]
transform = Transform( 3.25881, -0.711671, 4.04427, -3.48878, 2.24334, 3.20596, -2.16587, -4.68437, 0.920913, -468.566, 79.7801, 13.0891 )

[node name="StaticBody2" parent="." index="3" instance=ExtResource( 4 )]
transform = Transform( 24.4248, 6.92616, -5.54592, -3.72829, 22.7503, 11.9926, 8.05163, -10.4762, 22.3768, -56.2042, -86.1548, -5.55276 )

[node name="StaticBody13" parent="." index="4" instance=ExtResource( 12 )]
transform = Transform( 0.857357, -0.466878, 0.216712, 0.51469, 0.78234, -0.350768, -0.0057768, 0.412272, 0.911042, -61.4578, -15.5981, 287.673 )

[node name="StaticBody14" parent="." index="5" instance=ExtResource( 12 )]
transform = Transform( 1, 0, 0, 0, 1, 0, 0, 0, 1, 464.469, -7.25391, 546.982 )

[node name="StaticBody66" parent="." index="6" instance=ExtResource( 12 )]
transform = Transform( 1, 0, 0, 0, 1, 0, 0, 0, 1, 464.469, -154.545, -31.0434 )

[node name="StaticBody67" parent="." index="7" instance=ExtResource( 12 )]
transform = Transform( 1, 0, 0, 0, 1, 0, 0, 0, 1, 334.378, -154.545, 151.389 )

[node name="StaticBody68" parent="." index="8" instance=ExtResource( 12 )]
transform = Transform( 1, 0, 0, 0, 0.961693, -0.274127, 0, 0.274127, 0.961693, 565.792, -138.285, 172.648 )

[node name="StaticBody15" parent="." index="9" instance=ExtResource( 12 )]
transform = Transform( 0.857634, 0.51426, 0, -0.51426, 0.857634, 0, 0, 0, 1, 52.3899, -24.7868, 513.755 )

[node name="StaticBody16" parent="." index="10" instance=ExtResource( 12 )]
transform = Transform( 1, 0, 0, 0, 0.995517, 0.0945774, 0, -0.0945774, 0.995517, -503.466, 29.4255, -239.651 )

[node name="StaticBody18" parent="." index="11" instance=ExtResource( 12 )]
transform = Transform( 0.893951, 0.302296, -0.33086, -0.294017, 0.952765, 0.0761052, 0.338238, 0.0292441, 0.940606, 382.533, -24.3659, -551.921 )

[node name="StaticBody19" parent="." index="12" instance=ExtResource( 12 )]
transform = Transform( 0.701618, -0.712553, 0, 0.712553, 0.701618, 0, 0, 0, 1, 714.745, -67.6932, 33.4504 )

[node name="StaticBody20" parent="." index="13" instance=ExtResource( 12 )]
transform = Transform( 1, 0, 0, 0, 1, 0, 0, 0, 1, -349.668, -37.3265, -693.146 )

[node name="StaticBody22" parent="." index="14" instance=ExtResource( 12 )]
transform = Transform( 1, 0, 0, 0, 1, 0, 0, 0, 1, -349.668, -151.937, -2840.67 )

[node name="StaticBody23" parent="." index="15" instance=ExtResource( 12 )]
transform = Transform( 1, 0, 0, 0, 1, 0, 0, 0, 1, 113.294, -151.937, -2963.04 )

[node name="StaticBody24" parent="." index="16" instance=ExtResource( 12 )]
transform = Transform( 1, 0, 0, 0, 1, 0, 0, 0, 1, -124.142, -151.937, -3628.57 )

[node name="StaticBody25" parent="." index="17" instance=ExtResource( 12 )]
transform = Transform( 1, 0, 0, 0, 1, 0, 0, 0, 1, -457.655, -151.937, -3429.72 )

[node name="StaticBody26" parent="." index="18" instance=ExtResource( 12 )]
transform = Transform( 1, 0, 0, 0, 1, 0, 0, 0, 1, 199.973, -151.937, -3257.13 )

[node name="StaticBody27" parent="." index="19" instance=ExtResource( 12 )]
transform = Transform( 1, 0, 0, 0, 1, 0, 0, 0, 1, -809.813, -140.85, -3254.41 )

[node name="StaticBody69" parent="." index="20" instance=ExtResource( 12 )]
transform = Transform( 1, 0, 0, 0, 1, 0, 0, 0, 1, -809.813, -156.148, -887.826 )

[node name="StaticBody70" parent="." index="21" instance=ExtResource( 12 )]
transform = Transform( 1, 0, 0, 0, 1, 0, 0, 0, 1, -725.231, -157.5, -645.304 )

[node name="StaticBody73" parent="." index="22" instance=ExtResource( 12 )]
transform = Transform( 1, 0, 0, 0, 1, 0, 0, 0, 1, -1427.17, -152.466, 1867.3 )

[node name="StaticBody74" parent="." index="23" instance=ExtResource( 12 )]
transform = Transform( 1, 0, 0, 0, 1, 0, 0, 0, 1, -1366.38, -152.466, 2626.8 )

[node name="StaticBody75" parent="." index="24" instance=ExtResource( 12 )]
transform = Transform( 1, 0, 0, 0, 1, 0, 0, 0, 1, -1063.79, -152.466, 2224.57 )

[node name="StaticBody76" parent="." index="25" instance=ExtResource( 12 )]
transform = Transform( 1, 0, 0, 0, 1, 0, 0, 0, 1, -1726.94, -152.466, 2396.45 )

[node name="StaticBody77" parent="." index="26" instance=ExtResource( 12 )]
transform = Transform( 1, 0, 0, 0, 1, 0, 0, 0, 1, -2179.8, -152.466, 2103.49 )

[node name="StaticBody78" parent="." index="27" instance=ExtResource( 12 )]
transform = Transform( 1, 0, 0, 0, 1, 0, 0, 0, 1, -2796.36, -157.243, 1856.72 )

[node name="StaticBody79" parent="." index="28" instance=ExtResource( 12 )]
transform = Transform( 1, 0, 0, 0, 1, 0, 0, 0, 1, -3129.44, -157.106, 2000.82 )

[node name="StaticBody80" parent="." index="29" instance=ExtResource( 12 )]
transform = Transform( 1, 0, 0, 0, 1, 0, 0, 0, 1, -2686.51, -164.345, 2426.01 )

[node name="StaticBody81" parent="." index="30" instance=ExtResource( 12 )]
transform = Transform( 1, 0, 0, 0, 1, 0, 0, 0, 1, -3299.09, -158.144, 2701.96 )

[node name="StaticBody82" parent="." index="31" instance=ExtResource( 12 )]
transform = Transform( 1, 0, 0, 0, 1, 0, 0, 0, 1, -3081.83, -158.225, 2340.43 )

[node name="StaticBody83" parent="." index="32" instance=ExtResource( 12 )]
transform = Transform( 1, 0, 0, 0, 1, 0, 0, 0, 1, -2885.67, -157.012, 2930.49 )

[node name="StaticBody84" parent="." index="33" instance=ExtResource( 12 )]
transform = Transform( 1, 0, 0, 0, 1, 0, 0, 0, 1, -2693.01, -156.394, 3133.06 )

[node name="StaticBody85" parent="." index="34" instance=ExtResource( 12 )]
transform = Transform( 1, 0, 0, 0, 1, 0, 0, 0, 1, -3177.17, -159.439, 3458.53 )

[node name="StaticBody86" parent="." index="35" instance=ExtResource( 12 )]
transform = Transform( 1, 0, 0, 0, 1, 0, 0, 0, 1, -3658.66, -152.466, 3275.13 )

[node name="StaticBody87" parent="." index="36" instance=ExtResource( 12 )]
transform = Transform( 1, 0, 0, 0, 1, 0, 0, 0, 1, -2939.48, -152.466, 3828.74 )

[node name="StaticBody88" parent="." index="37" instance=ExtResource( 12 )]
transform = Transform( 1, 0, 0, 0, 1, 0, 0, 0, 1, -2189.25, -162.163, 3521.3 )

[node name="StaticBody89" parent="." index="38" instance=ExtResource( 12 )]
transform = Transform( 1, 0, 0, 0, 1, 0, 0, 0, 1, -863.021, -152.466, 3275.21 )

[node name="StaticBody90" parent="." index="39" instance=ExtResource( 12 )]
transform = Transform( 1, 0, 0, 0, 1, 0, 0, 0, 1, -1414.53, -156.663, 3785.83 )

[node name="StaticBody91" parent="." index="40" instance=ExtResource( 12 )]
transform = Transform( 1, 0, 0, 0, 1, 0, 0, 0, 1, 172.471, -152.466, 3575 )

[node name="StaticBody92" parent="." index="41" instance=ExtResource( 12 )]
transform = Transform( 1, 0, 0, 0, 1, 0, 0, 0, 1, 672.822, -157.114, 3264.39 )

[node name="StaticBody93" parent="." index="42" instance=ExtResource( 12 )]
transform = Transform( 1, 0, 0, 0, 1, 0, 0, 0, 1, 1349.59, -165.071, 2898.65 )

[node name="StaticBody94" parent="." index="43" instance=ExtResource( 12 )]
transform = Transform( 1, 0, 0, 0, 1, 0, 0, 0, 1, 2340.74, -155.506, 3734.18 )

[node name="StaticBody95" parent="." index="44" instance=ExtResource( 12 )]
transform = Transform( 1, 0, 0, 0, 1, 0, 0, 0, 1, 3007.33, -167.356, 3486.97 )

[node name="StaticBody96" parent="." index="45" instance=ExtResource( 12 )]
transform = Transform( 1, 0, 0, 0, 1, 0, 0, 0, 1, 3456.48, -152.466, 3367.73 )

[node name="StaticBody97" parent="." index="46" instance=ExtResource( 12 )]
transform = Transform( 1, 0, 0, 0, 1, 0, 0, 0, 1, 3308.21, -164.306, 3732.82 )

[node name="StaticBody98" parent="." index="47" instance=ExtResource( 12 )]
transform = Transform( 1, 0, 0, 0, 1, 0, 0, 0, 1, 2698.65, -160.666, 3615.28 )

[node name="StaticBody99" parent="." index="48" instance=ExtResource( 12 )]
transform = Transform( 1, 0, 0, 0, 1, 0, 0, 0, 1, 2488.02, -162.125, 3280.12 )

[node name="StaticBody100" parent="." index="49" instance=ExtResource( 12 )]
transform = Transform( 1, 0, 0, 0, 1, 0, 0, 0, 1, 2488.02, -152.466, 2439.54 )

[node name="StaticBody101" parent="." index="50" instance=ExtResource( 12 )]
transform = Transform( 1, 0, 0, 0, 1, 0, 0, 0, 1, 3036.91, -157.932, 2047.25 )

[node name="StaticBody102" parent="." index="51" instance=ExtResource( 12 )]
transform = Transform( 1, 0, 0, 0, 1, 0, 0, 0, 1, 3214.79, -159.424, 1593.21 )

[node name="StaticBody103" parent="." index="52" instance=ExtResource( 12 )]
transform = Transform( 1, 0, 0, 0, 1, 0, 0, 0, 1, 3533.01, -154.805, 1282.22 )

[node name="StaticBody104" parent="." index="53" instance=ExtResource( 12 )]
transform = Transform( 1, 0, 0, 0, 1, 0, 0, 0, 1, 3533.01, -157.175, 147.465 )

[node name="StaticBody105" parent="." index="54" instance=ExtResource( 12 )]
transform = Transform( 1, 0, 0, 0, 1, 0, 0, 0, 1, 3033.65, -160.186, -73.9724 )

[node name="StaticBody106" parent="." index="55" instance=ExtResource( 12 )]
transform = Transform( 1, 0, 0, 0, 1, 0, 0, 0, 1, 3227.82, -155.754, -1073.09 )

[node name="StaticBody107" parent="." index="56" instance=ExtResource( 12 )]
transform = Transform( 1, 0, 0, 0, 1, 0, 0, 0, 1, 3794.36, -152.466, -1505.66 )

[node name="StaticBody108" parent="." index="57" instance=ExtResource( 12 )]
transform = Transform( 1, 0, 0, 0, 1, 0, 0, 0, 1, 3094.01, -159.802, -2053.63 )

[node name="StaticBody109" parent="." index="58" instance=ExtResource( 12 )]
transform = Transform( 1, 0, 0, 0, 1, 0, 0, 0, 1, 1169.51, -156.304, -926.613 )

[node name="StaticBody110" parent="." index="59" instance=ExtResource( 12 )]
transform = Transform( 1, 0, 0, 0, 1, 0, 0, 0, 1, 1322.57, -154.774, -787.269 )

[node name="StaticBody111" parent="." index="60" instance=ExtResource( 12 )]
transform = Transform( 1, 0, 0, 0, 1, 0, 0, 0, 1, 1240.34, -152.465, -318.338 )

[node name="StaticBody112" parent="." index="61" instance=ExtResource( 12 )]
transform = Transform( 1, 0, 0, 0, 1, 0, 0, 0, 1, 1078.34, -152.465, -195.698 )

[node name="StaticBody113" parent="." index="62" instance=ExtResource( 12 )]
transform = Transform( 1, 0, 0, 0, 1, 0, 0, 0, 1, -1215, -152.465, 901.643 )

[node name="StaticBody71" parent="." index="63" instance=ExtResource( 12 )]
transform = Transform( 1, 0, 0, 0, 1, 0, 0, 0, 1, -983.188, -156.068, -806.749 )

[node name="StaticBody72" parent="." index="64" instance=ExtResource( 12 )]
transform = Transform( 0.79783, -0.414616, 0.437677, 0.125574, 0.824336, 0.551997, -0.58966, -0.385439, 0.709745, -1799.98, -113.919, -806.749 )

[node name="StaticBody28" parent="." index="65" instance=ExtResource( 12 )]
transform = Transform( 1, 0, 0, 0, 1, 0, 0, 0, 1, -504.063, -186.785, -3039.72 )

[node name="StaticBody29" parent="." index="66" instance=ExtResource( 12 )]
transform = Transform( 1, 0, 0, 0, 1, 0, 0, 0, 1, -1090.85, -122.939, -3228.29 )

[node name="StaticBody30" parent="." index="67" instance=ExtResource( 12 )]
transform = Transform( 1, 0, 0, 0, 1, 0, 0, 0, 1, -1261.56, -153.643, -3420.89 )

[node name="StaticBody31" parent="." index="68" instance=ExtResource( 12 )]
transform = Transform( 1, 0, 0, 0, 1, 0, 0, 0, 1, -790.335, -153.643, -3675.21 )

[node name="StaticBody32" parent="." index="69" instance=ExtResource( 12 )]
transform = Transform( 1, 0, 0, 0, 1, 0, 0, 0, 1, -931.928, -153.643, -3456.41 )

[node name="StaticBody33" parent="." index="70" instance=ExtResource( 12 )]
transform = Transform( 1, 0, 0, 0, 1, 0, 0, 0, 1, -636.753, -153.643, -3142.55 )

[node name="StaticBody34" parent="." index="71" instance=ExtResource( 12 )]
transform = Transform( 1, 0, 0, 0, 1, 0, 0, 0, 1, -301.415, -153.643, -3701.39 )

[node name="StaticBody35" parent="." index="72" instance=ExtResource( 12 )]
transform = Transform( 1, 0, 0, 0, 1, 0, 0, 0, 1, -1155.24, -153.643, -3793.42 )

[node name="StaticBody36" parent="." index="73" instance=ExtResource( 12 )]
transform = Transform( 1, 0, 0, 0, 1, 0, 0, 0, 1, -1659.4, -153.643, -3639.26 )

[node name="StaticBody37" parent="." index="74" instance=ExtResource( 12 )]
transform = Transform( 1, 0, 0, 0, 1, 0, 0, 0, 1, -1856.6, -153.643, -3214 )

[node name="StaticBody38" parent="." index="75" instance=ExtResource( 12 )]
transform = Transform( 1, 0, 0, 0, 1, 0, 0, 0, 1, -1587.96, -153.643, -2914.66 )

[node name="StaticBody39" parent="." index="76" instance=ExtResource( 12 )]
transform = Transform( 1, 0, 0, 0, 1, 0, 0, 0, 1, -2007.27, -153.643, -2893.05 )

[node name="StaticBody56" parent="." index="77" instance=ExtResource( 12 )]
transform = Transform( 1, 0, 0, 0, 1, 0, 0, 0, 1, -1786.46, -153.643, -3424.42 )

[node name="StaticBody57" parent="." index="78" instance=ExtResource( 12 )]
transform = Transform( 1, 0, 0, 0, 1, 0, 0, 0, 1, -2135.38, -153.643, -3769.63 )

[node name="StaticBody58" parent="." index="79" instance=ExtResource( 12 )]
transform = Transform( 1, 0, 0, 0, 1, 0, 0, 0, 1, -2541.99, -153.643, -3202.93 )

[node name="StaticBody59" parent="." index="80" instance=ExtResource( 12 )]
transform = Transform( 1, 0, 0, 0, 1, 0, 0, 0, 1, -2719.49, -153.643, -3807.54 )

[node name="StaticBody60" parent="." index="81" instance=ExtResource( 12 )]
transform = Transform( 1, 0, 0, 0, 1, 0, 0, 0, 1, -3141.42, -153.643, -3585.24 )

[node name="StaticBody40" parent="." index="82" instance=ExtResource( 12 )]
transform = Transform( 1, 0, 0, 0, 1, 0, 0, 0, 1, -2195.59, -153.643, -3313.9 )

[node name="StaticBody61" parent="." index="83" instance=ExtResource( 12 )]
transform = Transform( 1, 0, 0, 0, 1, 0, 0, 0, 1, -2195.59, -153.643, -1812.96 )

[node name="StaticBody62" parent="." index="84" instance=ExtResource( 12 )]
transform = Transform( 1, 0, 0, 0, 1, 0, 0, 0, 1, -2429.64, -153.643, -1983.39 )

[node name="StaticBody63" parent="." index="85" instance=ExtResource( 12 )]
transform = Transform( 1, 0, 0, 0, 1, 0, 0, 0, 1, -2602.74, -153.643, -1664.95 )

[node name="StaticBody64" parent="." index="86" instance=ExtResource( 12 )]
transform = Transform( 1, 0, 0, 0, 1, 0, 0, 0, 1, -2851.95, -153.643, -1983.85 )

[node name="StaticBody65" parent="." index="87" instance=ExtResource( 12 )]
transform = Transform( 1, 0, 0, 0, 1, 0, 0, 0, 1, -2468.81, -153.643, -2244.35 )

[node name="StaticBody41" parent="." index="88" instance=ExtResource( 12 )]
transform = Transform( 1, 0, 0, 0, 1, 0, 0, 0, 1, -2458.98, -153.643, -3610.25 )

[node name="StaticBody42" parent="." index="89" instance=ExtResource( 12 )]
transform = Transform( 1, 0, 0, 0, 1, 0, 0, 0, 1, 1025.19, -153.643, -3341.54 )

[node name="StaticBody43" parent="." index="90" instance=ExtResource( 12 )]
transform = Transform( 1, 0, 0, 0, 1, 0, 0, 0, 1, 1329.39, -153.643, -3628.61 )

[node name="StaticBody48" parent="." index="91" instance=ExtResource( 12 )]
transform = Transform( 1, 0, 0, 0, 0.9539, 0.300123, 0, -0.300123, 0.9539, 2999.85, -87.6805, -2849.08 )

[node name="StaticBody49" parent="." index="92" instance=ExtResource( 12 )]
transform = Transform( 0.691412, 0.216827, -0.689155, 0, 0.9539, 0.300123, 0.722461, -0.207509, 0.659538, 3122.47, -132.784, -3489.91 )

[node name="StaticBody50" parent="." index="93" instance=ExtResource( 12 )]
transform = Transform( 0.376192, -0.278077, 0.883829, 0, 0.9539, 0.300123, -0.926542, -0.112904, 0.35885, 2720.07, -132.784, -1767.64 )

[node name="StaticBody51" parent="." index="94" instance=ExtResource( 12 )]
transform = Transform( 0.757182, 0.311952, 0.573901, -0.0558205, 0.906281, -0.418974, -0.650815, 0.285204, 0.703632, 3471.36, -132.784, -907.393 )

[node name="StaticBody52" parent="." index="95" instance=ExtResource( 12 )]
transform = Transform( 0.718466, -0.365368, 0.591872, 0.205192, 0.924391, 0.321555, -0.664607, -0.109579, 0.739114, 2765.31, -132.784, -372.603 )

[node name="StaticBody53" parent="." index="96" instance=ExtResource( 12 )]
transform = Transform( 0.0927109, 0.078992, 0.992555, -0.223364, 0.973092, -0.0565794, -0.970316, -0.216456, 0.10786, 3242.65, -161.814, 744.061 )

[node name="StaticBody54" parent="." index="97" instance=ExtResource( 12 )]
transform = Transform( 0.0927109, 0.078992, 0.992555, -0.223364, 0.973092, -0.0565794, -0.970316, -0.216456, 0.10786, 2608.01, -139.64, 1122.96 )

[node name="StaticBody55" parent="." index="98" instance=ExtResource( 12 )]
transform = Transform( 0.974645, 0.223755, 0.000593126, -0.223364, 0.973092, -0.0565794, -0.0132373, 0.0550123, 0.998398, 2079.54, -154.515, 992.505 )

[node name="StaticBody44" parent="." index="99" instance=ExtResource( 12 )]
transform = Transform( 1, 0, 0, 0, 1, 0, 0, 0, 1, 1855.78, -153.643, -3041.3 )

[node name="StaticBody45" parent="." index="100" instance=ExtResource( 12 )]
transform = Transform( 1, 0, 0, 0, 1, 0, 0, 0, 1, 1596.05, -157.963, -2993.76 )

[node name="StaticBody46" parent="." index="101" instance=ExtResource( 12 )]
transform = Transform( 0.955443, -0.295174, 0, 0.295174, 0.955443, 0, 0, 0, 1, 1775.81, -131.555, -2715.6 )

[node name="StaticBody47" parent="." index="102" instance=ExtResource( 12 )]
transform = Transform( 0.630696, -0.55642, 0.540943, 0.546716, 0.813294, 0.199135, -0.550748, 0.170148, 0.817145, 2889.54, -79.5639, -2715.6 )

[node name="StaticBody21" parent="." index="103" instance=ExtResource( 12 )]
transform = Transform( 0.966381, -0.257116, 0, 0.257116, 0.966381, 0, 0, 0, 1, 166.061, -37.3265, -319.533 )

[node name="StaticBody17" parent="." index="104" instance=ExtResource( 12 )]
transform = Transform( 0.792811, 0.24764, -0.556889, 0, 0.91373, 0.406322, 0.609467, -0.322137, 0.724415, -617.53, -42.1274, 408.807 )

[node name="StaticBody4" parent="." index="105" instance=ExtResource( 11 )]
transform = Transform( -0.228419, 0.454402, -0.861013, -0.973563, -0.106613, 0.202012, 0, 0.884394, 0.466742, 89.9829, 10.2499, 9.56927 )
