[gd_scene load_steps=11 format=2]

[ext_resource path="res://Scenes/Env_Assets/Antena.tscn" type="PackedScene" id=2]
[ext_resource path="res://Scenes/Env_Assets/CylinderThing.tscn" type="PackedScene" id=3]
[ext_resource path="res://Scenes/Env_Assets/Platform.tscn" type="PackedScene" id=5]
[ext_resource path="res://Scenes/Env_Assets/Antena2.tscn" type="PackedScene" id=6]
[ext_resource path="res://Scenes/Env_Assets/Street_Lamp.tscn" type="PackedScene" id=7]
[ext_resource path="res://Assets/Building/BuildingComposition.tscn" type="PackedScene" id=8]
[ext_resource path="res://Assets/Building/BuildingDust4.tscn" type="PackedScene" id=9]
[ext_resource path="res://Assets/Building/BuildingDust3.tscn" type="PackedScene" id=10]
[ext_resource path="res://Scenes/Env_Assets/CylinderThingHuge.tscn" type="PackedScene" id=11]
[ext_resource path="res://Assets/Clutter/Powerline/PowerLine.tscn" type="PackedScene" id=12]

[node name="Island"]

[node name="StaticBody" parent="." index="1" instance=ExtResource( 2 )]
transform = Transform( 23.9168, -10.5581, 0, 10.1134, 22.9096, 7.50696, -3.03168, -6.86756, 25.0426, 149.115, -58.59, -315.571 )

[node name="StaticBody2" parent="." index="2" instance=ExtResource( 3 )]
transform = Transform( 0.989744, 0, 0.142853, 0, 1, 0, -0.142853, 0, 0.989744, -407.673, 51.4324, 1241.06 )

[node name="StaticBody3" parent="." index="3" instance=ExtResource( 5 )]
transform = Transform( -0.131496, 0, 0.991317, 0, 1, 0, -0.991317, 0, -0.131496, -487.444, 58.8907, 1231.8 )

[node name="StaticBody4" parent="." index="4" instance=ExtResource( 5 )]
transform = Transform( -0.297842, 0, 0.954615, 0, 1, 0, -0.954615, 0, -0.297842, -528.447, 117.082, 1378.68 )

[node name="StaticBody5" parent="." index="5" instance=ExtResource( 6 )]
transform = Transform( -3.13386, 1.5646, 1.96662, -0.440915, 2.75248, -2.89242, -2.47409, -2.47235, -1.97559, -442.949, 133.249, 1452.92 )

[node name="StreetLamp" parent="." index="6" instance=ExtResource( 7 )]
transform = Transform( -0.770746, 0, -0.637142, 0, 1, 0, 0.637142, 0, -0.770746, -445.195, 83.2734, 1239.17 )

[node name="House" parent="." index="7" instance=ExtResource( 8 )]
transform = Transform( -0.839686, 0, -0.543072, 0, 1, 0, 0.543072, 0, -0.839686, -464.434, 82.4327, 1243.23 )

[node name="House3" parent="." index="8" instance=ExtResource( 8 )]
transform = Transform( -0.886963, 0, 0.461841, 0, 1, 0, -0.461841, 0, -0.886963, -545.339, 140.982, 1411.42 )

[node name="House4" parent="." index="9" instance=ExtResource( 8 )]
transform = Transform( 0.335534, 0, 0.942029, 0, 1, 0, -0.942029, 0, 0.335534, -559.717, 140.982, 1358.01 )

[node name="House2" parent="." index="10" instance=ExtResource( 8 )]
transform = Transform( -0.0290034, 0, 0.999579, 0, 1, 0, -0.999579, 0, -0.0290034, -521.163, 82.4327, 1205.03 )

[node name="DestBuilding" parent="." index="11" instance=ExtResource( 9 )]
transform = Transform( -0.673395, -0.232846, 0.701657, -0.490794, 0.850583, -0.188758, -0.552866, -0.471477, -0.687058, -317.877, 86.9393, 1266.69 )

[node name="DestBuilding2" parent="." index="12" instance=ExtResource( 10 )]
transform = Transform( -0.379516, 0.00862029, 0.925145, -0.670339, 0.686634, -0.281387, -0.637662, -0.726952, -0.25481, -276.466, -6.84537, 1513.07 )

[node name="StaticBody6" parent="." index="13" instance=ExtResource( 11 )]
transform = Transform( 0.598431, -0.178076, -0.781133, 0.11704, 0.983957, -0.134649, 0.792579, -0.010846, 0.609673, 513.055, 35.7576, 723.556 )

[node name="StaticBody7" parent="." index="14" instance=ExtResource( 12 )]
transform = Transform( 0.769904, 0.559773, -0.306436, -0.592739, 0.805185, -0.0183792, 0.236449, 0.195787, 0.951714, -1587.89, 94.9066, 354.763 )
