[gd_scene load_steps=7 format=2]

[ext_resource path="res://Scenes/Islands/IslandBase.tscn" type="PackedScene" id=1]
[ext_resource path="res://Scenes/Islands/Terain_Data_IS08/data.hterrain" type="Resource" id=4]
[ext_resource path="res://Assets/Building/BuildingDust.tscn" type="PackedScene" id=8]
[ext_resource path="res://Scenes/House.tscn" type="PackedScene" id=12]
[ext_resource path="res://Scenes/Env_Assets/Street_Lamp.tscn" type="PackedScene" id=13]
[ext_resource path="res://Scenes/Env_Assets/Antena.tscn" type="PackedScene" id=14]

[node name="Island" instance=ExtResource( 1 )]

[node name="HTerrain" parent="." index="4"]
transform = Transform( 15.625, 0, 0, 0, 4, 0, 0, 0, 15.625, 0, 0, 0 )
_terrain_data = ExtResource( 4 )

[node name="StaticBody" parent="." index="5" instance=ExtResource( 12 )]
transform = Transform( 1, 0, 0, 0, 1, 0, 0, 0, 1, 12.2325, -12.7701, 397.042 )

[node name="StaticBody7" parent="." index="6" instance=ExtResource( 12 )]
transform = Transform( 1, 0, 0, 0, 1, 0, 0, 0, 1, -463.789, 13.0041, 767.547 )

[node name="StaticBody4" parent="." index="7" instance=ExtResource( 12 )]
transform = Transform( 0.598576, -0.746041, -0.29177, 0, 0.364227, -0.93131, 0.801066, 0.55746, 0.218017, -537.198, -4.24777, -296.832 )

[node name="StaticBody5" parent="." index="8" instance=ExtResource( 12 )]
transform = Transform( 0.543543, 0.798888, 0.257564, 0.240786, 0.145555, -0.959602, -0.804104, 0.583602, -0.113246, 778.01, -4.24777, -66.9111 )

[node name="StaticBody6" parent="." index="9" instance=ExtResource( 12 )]
transform = Transform( -0.500604, 0.0925331, -0.860716, -0.396183, 0.859545, 0.322833, 0.769697, 0.502613, -0.393632, 258.77, -49.7393, 607.825 )

[node name="StaticBody3" parent="." index="10" instance=ExtResource( 12 )]
transform = Transform( 1, 0, 0, 0, 0.846909, -0.531739, 0, 0.531739, 0.846909, -97.2666, -18.3792, -251.333 )

[node name="StaticBody2" parent="." index="11" instance=ExtResource( 12 )]
transform = Transform( 1, 0, 0, 0, 0.892688, 0.450675, 0, -0.450675, 0.892688, 356.507, -12.7701, 103.47 )

[node name="StreetLamp" parent="." index="12" instance=ExtResource( 13 )]
transform = Transform( 1, 0, 0, 0, 1, 0, 0, 0, 1, -148.884, 37.8765, -451.707 )

[node name="StreetLamp2" parent="." index="13" instance=ExtResource( 13 )]
transform = Transform( 0.24568, 0, 0.969351, 0, 1, 0, -0.969351, 0, 0.24568, -27.8798, 5.61156, -593.93 )

[node name="StreetLamp3" parent="." index="14" instance=ExtResource( 13 )]
transform = Transform( -0.999682, 0, 0.0251999, 0, 1, 0, -0.0251999, 0, -0.999682, 309.867, 15.6552, 636.934 )

[node name="StaticBody8" parent="." index="15" instance=ExtResource( 14 )]
transform = Transform( 14.6705, 0.997046, 17.3891, -1.54414, 22.7204, 0, -17.3491, -1.17909, 14.7043, -161.021, -24.8886, 20.62 )

[node name="DestBuilding" parent="." index="16" instance=ExtResource( 8 )]
transform = Transform( 0.934428, 0.106941, 0.339716, -0.100505, 0.994265, -0.0365391, -0.341676, 0, 0.939818, 220.626, 4.35604, 328.453 )
