[gd_scene load_steps=4 format=2]

[ext_resource path="res://Scenes/Islands/IslandBase.tscn" type="PackedScene" id=1]
[ext_resource path="res://Assets/Clutter/Powerline/PowerLine.tscn" type="PackedScene" id=2]
[ext_resource path="res://Scenes/Env_Assets/Rock4.tscn" type="PackedScene" id=3]

[node name="Island" instance=ExtResource( 1 )]
type = 3

[node name="StaticBody" parent="." index="1" instance=ExtResource( 2 )]
transform = Transform( 0.98015, -0.0602962, -0.188865, 0, 0.95263, -0.304133, 0.198256, 0.298096, 0.93372, 478.928, 116.403, -433.837 )

[node name="StaticBody2" parent="." index="2" instance=ExtResource( 2 )]
transform = Transform( -0.962375, -0.0826408, -0.258854, 0, 0.95263, -0.304133, 0.271726, -0.29269, -0.916787, 384.1, -88.3941, 612.658 )

[node name="StaticBody3" parent="." index="3" instance=ExtResource( 2 )]
transform = Transform( -0.962375, -0.0826408, -0.258854, 0.254373, 0.060974, -0.965182, 0.0955468, -0.994712, -0.0376582, -2503.96, -822.613, -1148.88 )

[node name="Rock1" parent="." index="5" instance=ExtResource( 3 )]
transform = Transform( -397.703, -351.66, -572.675, 517.27, -584.997, 0, -429.015, -379.346, 530.878, -477.874, -864.424, -2083.71 )
