[gd_scene load_steps=25 format=2]

[ext_resource path="res://Scenes/Islands/IslandBase.tscn" type="PackedScene" id=1]
[ext_resource path="res://Scenes/Env_Assets/MotherCityGeo.tscn" type="PackedScene" id=2]
[ext_resource path="res://Scenes/Env_Assets/WoodPlanks.tscn" type="PackedScene" id=3]
[ext_resource path="res://Assets/Building/BuildingComposition.tscn" type="PackedScene" id=4]
[ext_resource path="res://Assets/Building/BuildingDust2.tscn" type="PackedScene" id=5]
[ext_resource path="res://Scenes/Env_Assets/Fireplace.tscn" type="PackedScene" id=6]
[ext_resource path="res://Scenes/Env_Assets/Street_Lamp.tscn" type="PackedScene" id=7]
[ext_resource path="res://Scripts/SpawnPosition.cs" type="Script" id=8]
[ext_resource path="res://Scenes/Vehicles/HoverBoard_NoWings.tscn" type="PackedScene" id=9]
[ext_resource path="res://Scenes/Items/Battery.tscn" type="PackedScene" id=10]
[ext_resource path="res://Scenes/Env_Assets/Rock1.tscn" type="PackedScene" id=11]
[ext_resource path="res://Scenes/Env_Assets/Rock4.tscn" type="PackedScene" id=12]
[ext_resource path="res://Scenes/Env_Assets/Rock2.tscn" type="PackedScene" id=13]
[ext_resource path="res://Scenes/Vehicles/HoverBoard_Lite.tscn" type="PackedScene" id=14]
[ext_resource path="res://Scenes/Triggers/DialogueTrigger.tscn" type="PackedScene" id=15]
[ext_resource path="res://Scenes/Env_Assets/Rock3.tscn" type="PackedScene" id=16]
[ext_resource path="res://Scenes/Env_Assets/House.tscn" type="PackedScene" id=18]
[ext_resource path="res://Assets/Building/BuildingDust4.tscn" type="PackedScene" id=19]
[ext_resource path="res://Assets/Building/BuildingDust3.tscn" type="PackedScene" id=20]
[ext_resource path="res://Assets/Building/BuildingDust.tscn" type="PackedScene" id=21]
[ext_resource path="res://Scenes/Env_Assets/Antena.tscn" type="PackedScene" id=22]
[ext_resource path="res://Scenes/Env_Assets/Antena2.tscn" type="PackedScene" id=23]
[ext_resource path="res://Scenes/Characters/NPC.tscn" type="PackedScene" id=24]
[ext_resource path="res://Scenes/Vehicles/HoverBoard.tscn" type="PackedScene" id=25]

[node name="Island" instance=ExtResource( 1 )]
type = 0

[node name="RemoteTransform" type="RemoteTransform" parent="SeaBed" index="2"]
remote_path = NodePath("../../Planks")
update_rotation = false
update_scale = false

[node name="Planks" type="Spatial" parent="." index="1"]

[node name="StaticBody" parent="Planks" index="0" instance=ExtResource( 3 )]
transform = Transform( 1, 0, 0, 0, 1, 0, 0, 0, 1, 48.8216, -0.00653076, 2459.9 )

[node name="StaticBody2" parent="Planks" index="1" instance=ExtResource( 3 )]
transform = Transform( 1, 0, 0, 0, 1, 0, 0, 0, 1, 60.4933, -0.00653458, 2465.65 )

[node name="StaticBody3" parent="Planks" index="2" instance=ExtResource( 3 )]
transform = Transform( 1, 0, 0, 0, 1, 0, 0, 0, 1, 48.4928, -0.00653076, 2465.62 )

[node name="StaticBody4" parent="Planks" index="3" instance=ExtResource( 3 )]
transform = Transform( 0.997842, 0, 0.0656644, 0, 1, 0, -0.0656644, 0, 0.997842, 61.1223, -0.00653076, 2459.63 )

[node name="StaticBody6" parent="Planks" index="4" instance=ExtResource( 3 )]
transform = Transform( 0.976054, 0, -0.21753, 0, 1, 0, 0.21753, 0, 0.976054, 72.7535, -0.00652695, 2467.21 )

[node name="StaticBody5" parent="Planks" index="5" instance=ExtResource( 3 )]
transform = Transform( -1, 0, -8.74228e-08, 0, 1, 0, 8.74228e-08, 0, -1, 71.7447, -0.00653076, 2459.66 )

[node name="StaticBody7" parent="Planks" index="6" instance=ExtResource( 3 )]
transform = Transform( 1, 0, 0, 0, 1, 0, 0, 0, 1, 48.8216, -0.00653076, 2422.4 )

[node name="StaticBody8" parent="Planks" index="7" instance=ExtResource( 3 )]
transform = Transform( 1, 0, 0, 0, 1, 0, 0, 0, 1, 60.4933, -0.00653458, 2428.16 )

[node name="StaticBody9" parent="Planks" index="8" instance=ExtResource( 3 )]
transform = Transform( 1, 0, 0, 0, 1, 0, 0, 0, 1, 48.4928, -0.00653076, 2428.13 )

[node name="StaticBody10" parent="Planks" index="9" instance=ExtResource( 3 )]
transform = Transform( 0.997842, 0, 0.0656644, 0, 1, 0, -0.0656644, 0, 0.997842, 61.1223, -0.00653076, 2422.14 )

[node name="StaticBody11" parent="Planks" index="10" instance=ExtResource( 3 )]
transform = Transform( 0.976054, 0, -0.21753, 0, 1, 0, 0.21753, 0, 0.976054, 72.7535, -0.00652695, 2429.72 )

[node name="StaticBody12" parent="Planks" index="11" instance=ExtResource( 3 )]
transform = Transform( -1, 0, -8.74228e-08, 0, 1, 0, 8.74228e-08, 0, -1, 71.7447, -0.00653076, 2422.17 )

[node name="StaticBody13" parent="Planks" index="12" instance=ExtResource( 3 )]
transform = Transform( 1, 0, 0, 0, 1, 0, 0, 0, 1, 48.8216, -0.00653076, 2363.35 )

[node name="StaticBody14" parent="Planks" index="13" instance=ExtResource( 3 )]
transform = Transform( 1, 0, 0, 0, 1, 0, 0, 0, 1, 60.4933, -0.00653458, 2369.11 )

[node name="StaticBody15" parent="Planks" index="14" instance=ExtResource( 3 )]
transform = Transform( 1, 0, 0, 0, 1, 0, 0, 0, 1, 48.4928, -0.00653076, 2369.08 )

[node name="StaticBody16" parent="Planks" index="15" instance=ExtResource( 3 )]
transform = Transform( 0.997842, 0, 0.0656644, 0, 1, 0, -0.0656644, 0, 0.997842, 61.1223, -0.00653076, 2363.09 )

[node name="StaticBody17" parent="Planks" index="16" instance=ExtResource( 3 )]
transform = Transform( 0.976054, 0, -0.21753, 0, 1, 0, 0.21753, 0, 0.976054, 72.7535, -0.00652695, 2370.67 )

[node name="StaticBody18" parent="Planks" index="17" instance=ExtResource( 3 )]
transform = Transform( -1, 0, -8.74228e-08, 0, 1, 0, 8.74228e-08, 0, -1, 71.7447, -0.00653076, 2363.12 )

[node name="StaticBody19" parent="Planks" index="18" instance=ExtResource( 3 )]
transform = Transform( 1, 0, 0, 0, 1, 0, 0, 0, 1, -71.7059, -0.00653076, 2363.35 )

[node name="StaticBody20" parent="Planks" index="19" instance=ExtResource( 3 )]
transform = Transform( 1, 0, 0, 0, 1, 0, 0, 0, 1, -60.0342, -0.00653458, 2369.11 )

[node name="StaticBody21" parent="Planks" index="20" instance=ExtResource( 3 )]
transform = Transform( 1, 0, 0, 0, 1, 0, 0, 0, 1, -72.0347, -0.00653076, 2369.08 )

[node name="StaticBody22" parent="Planks" index="21" instance=ExtResource( 3 )]
transform = Transform( 0.997842, 0, 0.0656644, 0, 1, 0, -0.0656644, 0, 0.997842, -59.4052, -0.00653076, 2363.09 )

[node name="StaticBody23" parent="Planks" index="22" instance=ExtResource( 3 )]
transform = Transform( 0.976054, 0, -0.21753, 0, 1, 0, 0.21753, 0, 0.976054, -47.774, -0.00652695, 2370.67 )

[node name="StaticBody24" parent="Planks" index="23" instance=ExtResource( 3 )]
transform = Transform( -1, 0, -8.74228e-08, 0, 1, 0, 8.74228e-08, 0, -1, -48.7828, -0.00653076, 2363.12 )

[node name="StaticBody25" parent="Planks" index="24" instance=ExtResource( 3 )]
transform = Transform( 1, 0, 0, 0, 1, 0, 0, 0, 1, -71.7059, -0.00653076, 2419.39 )

[node name="StaticBody26" parent="Planks" index="25" instance=ExtResource( 3 )]
transform = Transform( 1, 0, 0, 0, 1, 0, 0, 0, 1, -60.0342, -0.00653458, 2425.15 )

[node name="StaticBody27" parent="Planks" index="26" instance=ExtResource( 3 )]
transform = Transform( 1, 0, 0, 0, 1, 0, 0, 0, 1, -72.0347, -0.00653076, 2425.11 )

[node name="StaticBody28" parent="Planks" index="27" instance=ExtResource( 3 )]
transform = Transform( 0.997842, 0, 0.0656644, 0, 1, 0, -0.0656644, 0, 0.997842, -59.4052, -0.00653076, 2419.12 )

[node name="StaticBody29" parent="Planks" index="28" instance=ExtResource( 3 )]
transform = Transform( 0.976054, 0, -0.21753, 0, 1, 0, 0.21753, 0, 0.976054, -47.774, -0.00652695, 2426.7 )

[node name="StaticBody30" parent="Planks" index="29" instance=ExtResource( 3 )]
transform = Transform( -1, 0, -8.74228e-08, 0, 1, 0, 8.74228e-08, 0, -1, -48.7828, -0.00653076, 2419.15 )

[node name="StaticBody31" parent="Planks" index="30" instance=ExtResource( 3 )]
transform = Transform( -0.981537, 0, -0.191271, 0, 1, 0, 0.191271, 0, -0.981537, -72.9704, -0.00653076, 2457.17 )

[node name="StaticBody32" parent="Planks" index="31" instance=ExtResource( 3 )]
transform = Transform( 1, 0, 0, 0, 1, 0, 0, 0, 1, -60.0342, -0.00653458, 2463.25 )

[node name="StaticBody33" parent="Planks" index="32" instance=ExtResource( 3 )]
transform = Transform( 0.994047, 0, 0.108954, 0, 1, 0, -0.108954, 0, 0.994047, -72.0347, -0.00653076, 2463.22 )

[node name="StaticBody49" parent="Planks" index="33" instance=ExtResource( 3 )]
transform = Transform( 1, 0, 0, 0, 1, 0, 0, 0, 1, -84.735, -0.00653076, 2457.49 )

[node name="StaticBody50" parent="Planks" index="34" instance=ExtResource( 3 )]
transform = Transform( 1, 0, 0, 0, 1, 0, 0, 0, 1, -85.0638, -0.00653076, 2463.22 )

[node name="StaticBody51" parent="Planks" index="35" instance=ExtResource( 3 )]
transform = Transform( 1, 0, 0, 0, 1, 0, 0, 0, 1, -97.735, -0.00653076, 2456.28 )

[node name="StaticBody52" parent="Planks" index="36" instance=ExtResource( 3 )]
transform = Transform( 1, 0, 0, 0, 1, 0, 0, 0, 1, -98.0638, -0.00653076, 2462.01 )

[node name="StaticBody34" parent="Planks" index="37" instance=ExtResource( 3 )]
transform = Transform( 0.996292, 0, -0.0860429, 0, 1, 0, 0.0860429, 0, 0.996292, -59.922, -0.00653076, 2457.17 )

[node name="StaticBody35" parent="Planks" index="38" instance=ExtResource( 3 )]
transform = Transform( 0.999027, 0, -0.0441075, 0, 1, 0, 0.0441075, 0, 0.999027, -47.679, -0.00652695, 2462.78 )

[node name="StaticBody36" parent="Planks" index="39" instance=ExtResource( 3 )]
transform = Transform( -1, 0, -8.74228e-08, 0, 1, 0, 8.74228e-08, 0, -1, -48.7828, -0.00653076, 2457.26 )

[node name="StaticBody37" parent="Planks" index="40" instance=ExtResource( 3 )]
transform = Transform( -4.37114e-08, 0, -1, 0, 1, 0, 1, 0, -4.37114e-08, 1.60735, -0.00653076, 2476.87 )

[node name="StaticBody38" parent="Planks" index="41" instance=ExtResource( 3 )]
transform = Transform( -4.37114e-08, 0, -1, 0, 1, 0, 1, 0, -4.37114e-08, -4.1512, -0.00653458, 2488.54 )

[node name="StaticBody39" parent="Planks" index="42" instance=ExtResource( 3 )]
transform = Transform( -4.37114e-08, 0, -1, 0, 1, 0, 1, 0, -4.37114e-08, -4.11482, -0.00653076, 2476.54 )

[node name="StaticBody40" parent="Planks" index="43" instance=ExtResource( 3 )]
transform = Transform( 0.0656643, 0, -0.997842, 0, 1, 0, 0.997842, 0, 0.0656643, 1.87224, -0.00653076, 2489.17 )

[node name="StaticBody41" parent="Planks" index="44" instance=ExtResource( 3 )]
transform = Transform( -0.21753, 0, -0.976054, 0, 1, 0, 0.976054, 0, -0.21753, -5.70735, -0.00652695, 2500.8 )

[node name="StaticBody42" parent="Planks" index="45" instance=ExtResource( 3 )]
transform = Transform( -4.37114e-08, 0, 1, 0, 1, 0, -1, 0, -4.37114e-08, 1.84294, -0.00653076, 2499.79 )

[node name="StaticBody43" parent="Planks" index="46" instance=ExtResource( 3 )]
transform = Transform( -4.37114e-08, 0, 1, 0, 1, 0, -1, 0, -4.37114e-08, -5.44244, -0.00653076, 2536.48 )

[node name="StaticBody44" parent="Planks" index="47" instance=ExtResource( 3 )]
transform = Transform( -4.37114e-08, 0, 1, 0, 1, 0, -1, 0, -4.37114e-08, 0.316101, -0.00653458, 2524.81 )

[node name="StaticBody45" parent="Planks" index="48" instance=ExtResource( 3 )]
transform = Transform( -4.37114e-08, 0, 1, 0, 1, 0, -1, 0, -4.37114e-08, 0.279724, -0.00653076, 2536.81 )

[node name="StaticBody46" parent="Planks" index="49" instance=ExtResource( 3 )]
transform = Transform( -0.0656644, 0, 0.997842, 0, 1, 0, -0.997842, 0, -0.0656644, -5.70734, -0.00653076, 2524.18 )

[node name="StaticBody47" parent="Planks" index="50" instance=ExtResource( 3 )]
transform = Transform( 0.21753, 0, 0.976054, 0, 1, 0, -0.976054, 0, 0.21753, 1.87225, -0.00652695, 2512.55 )

[node name="StaticBody48" parent="Planks" index="51" instance=ExtResource( 3 )]
transform = Transform( 1.31134e-07, 0, -1, 0, 1, 0, 1, 0, 1.31134e-07, -5.67804, -0.00653076, 2513.56 )

[node name="House6" parent="." index="2" instance=ExtResource( 4 )]
transform = Transform( -0.0582964, 0, -0.998299, 0, 1, 0, 0.998299, 0, -0.0582964, 29.735, 1.00666, 2391.93 )
spawnItems = false

[node name="House13" parent="." index="3" instance=ExtResource( 4 )]
transform = Transform( -0.0582964, 0, -0.998299, 0, 1, 0, 0.998299, 0, -0.0582964, 31.5482, 2.64066, 2309.85 )
spawnItems = false

[node name="House11" parent="." index="4" instance=ExtResource( 4 )]
transform = Transform( -0.0110647, 0, 0.999938, 0, 1, 0, -0.999938, 0, -0.0110647, -30.0462, 1.02782, 2390.6 )
spawnItems = false

[node name="House14" parent="." index="5" instance=ExtResource( 4 )]
transform = Transform( -0.94239, 0, -0.334514, 0, 1, 0, 0.334514, 0, -0.94239, -1405.12, 3.75883, 2571.49 )
spawnItems = false

[node name="House12" parent="." index="6" instance=ExtResource( 4 )]
transform = Transform( 0.0582963, 0, 0.998299, 0, 1, 0, -0.998299, 0, 0.0582963, -29.5872, 2.17905, 2305.57 )
spawnItems = false

[node name="House3" parent="." index="7" instance=ExtResource( 4 )]
transform = Transform( 0.91754, 0, 0.397644, 0, 1, 0, -0.397644, 0, 0.91754, -598.415, 1.54187, 1243.52 )
spawnItems = false

[node name="House5" parent="." index="8" instance=ExtResource( 4 )]
transform = Transform( 0.364698, 0, -0.931125, 0, 1, 0, 0.931125, 0, 0.364698, -434.973, 24.5409, 1303.02 )
spawnItems = false

[node name="DestBuilding" parent="." index="9" instance=ExtResource( 5 )]
transform = Transform( 0.072246, 0, 0.997387, -0.679796, 0.731746, 0.0492412, -0.729834, -0.681577, 0.0528657, -419.855, 68.5224, 1898.78 )

[node name="SpawnPosition" type="Position3D" parent="." index="10"]
transform = Transform( -0.557528, 0, 0.830158, 0, 1, 0, -0.830158, 0, -0.557528, -16.9033, 2.88788, 2375.51 )
script = ExtResource( 8 )

[node name="Fireplace" parent="." index="11" instance=ExtResource( 6 )]
transform = Transform( 1, 0, 0, 0, 1, 0, 0, 0, 1, -18.1609, 1.7247, 2370.58 )
State = true

[node name="StreetLamp" parent="." index="12" instance=ExtResource( 7 )]
transform = Transform( -0.0628255, 0, 0.998024, 0, 1, 0, -0.998024, 0, -0.0628255, -15.6061, 1.19423, 2401.73 )

[node name="StreetLamp9" parent="." index="13" instance=ExtResource( 7 )]
transform = Transform( -0.0628255, 0, 0.998024, 0, 1, 0, -0.998024, 0, -0.0628255, -18.9098, 1.69382, 2354.41 )
Working = false

[node name="StreetLamp10" parent="." index="14" instance=ExtResource( 7 )]
transform = Transform( -0.0628255, 0, 0.998024, 0, 1, 0, -0.998024, 0, -0.0628255, -19.1534, 3.9229, 2318.12 )

[node name="StreetLamp11" parent="." index="15" instance=ExtResource( 7 )]
transform = Transform( -0.0628255, 0, 0.998024, 0, 1, 0, -0.998024, 0, -0.0628255, -36.5641, 4.8058, 2193.97 )

[node name="StreetLamp13" parent="." index="16" instance=ExtResource( 7 )]
transform = Transform( 0.874467, 0, 0.485084, 0, 1, 0, -0.485084, 0, 0.874467, -34.2195, 7.7928, 1890.92 )

[node name="StreetLamp12" parent="." index="17" instance=ExtResource( 7 )]
transform = Transform( 0.0628256, 0, -0.998024, 0, 1, 0, 0.998024, 0, 0.0628256, 35.1109, 10.5448, 2195.32 )

[node name="StreetLamp14" parent="." index="18" instance=ExtResource( 7 )]
transform = Transform( 0.0628256, 0, -0.998024, 0, 1, 0, 0.998024, 0, 0.0628256, 19.642, 2.25375, 2320.58 )

[node name="StreetLamp15" parent="." index="19" instance=ExtResource( 7 )]
transform = Transform( 0.0628256, 0, -0.998024, 0, 1, 0, 0.998024, 0, 0.0628256, 19.8001, 0.866703, 2405.84 )
Working = false

[node name="StaticBody38" parent="." index="20" instance=ExtResource( 23 )]
transform = Transform( -18.4802, -3.39371, -6.85322, -3.47327, 19.6923, -0.385718, 6.81328, 0.833742, -18.7853, -114.104, 361.406, -58.8084 )

[node name="StaticBody37" parent="." index="21" instance=ExtResource( 22 )]
transform = Transform( -33.1753, -0.226791, 16.875, -2.64502, 36.8278, -4.70501, -16.6679, -5.39275, -32.8408, -157.019, 22.7396, -501.385 )

[node name="Fireplace2" parent="." index="22" instance=ExtResource( 6 )]
transform = Transform( 0.316328, 0, 0.94865, 0, 1, 0, -0.94865, 0, 0.316328, -1404.79, 9.81843, 2537.65 )

[node name="Character2" parent="." index="23" instance=ExtResource( 24 )]
transform = Transform( 0.998447, 0, -0.0556989, 0, 1, 0, 0.0556989, 0, 0.998447, -1386.39, 54.3166, 2717.6 )

[node name="Vehicle" parent="." index="24" instance=ExtResource( 25 )]
transform = Transform( 0.0898612, -0.00112574, 0.995954, 0.000666553, 0.999999, 0.00107017, -0.995955, 0.00056768, 0.0898623, 55.7356, 0.957582, 2447.56 )

[node name="Battery" parent="." index="25" instance=ExtResource( 10 )]
transform = Transform( 1, 0, 0, 0, 1, 0, 0, 0, 1, -67, 82, 1980 )

[node name="Buildings" type="Spatial" parent="." index="26"]

[node name="StaticBody9" parent="Buildings" index="0" instance=ExtResource( 18 )]
transform = Transform( -0.258819, 0, -0.965926, 0, 1, 0, 0.965926, 0, -0.258819, -2957.64, -136.923, 2363.72 )

[node name="StaticBody10" parent="Buildings" index="1" instance=ExtResource( 18 )]
transform = Transform( -0.258819, 0, -0.965926, 0, 1, 0, 0.965926, 0, -0.258819, -2477.71, -163.087, 2732.22 )

[node name="StaticBody14" parent="Buildings" index="2" instance=ExtResource( 18 )]
transform = Transform( -0.258819, 0, -0.965926, 0, 1, 0, 0.965926, 0, -0.258819, -1037.83, -136.923, 2933.98 )

[node name="StaticBody11" parent="Buildings" index="3" instance=ExtResource( 18 )]
transform = Transform( -0.258819, 0, -0.965926, 0, 1, 0, 0.965926, 0, -0.258819, -3193.13, -169.569, -668.604 )

[node name="StaticBody12" parent="Buildings" index="4" instance=ExtResource( 18 )]
transform = Transform( -0.257443, 0.102984, -0.96079, 0.0266541, 0.994683, 0.0994744, 0.965926, 0, -0.258819, -3394.82, -161.478, 2403.83 )

[node name="StaticBody20" parent="Buildings" index="5" instance=ExtResource( 18 )]
transform = Transform( -0.257443, 0.102984, -0.96079, 0.0266541, 0.994683, 0.0994744, 0.965926, 0, -0.258819, 3333.47, -155.328, 2990.03 )

[node name="StaticBody21" parent="Buildings" index="6" instance=ExtResource( 18 )]
transform = Transform( -0.255737, 0.153865, -0.954424, -0.219396, 0.952257, 0.212303, 0.941522, 0.26369, -0.20977, -1257.68, -117.101, 3157.59 )

[node name="StaticBody22" parent="Buildings" index="7" instance=ExtResource( 18 )]
transform = Transform( -0.255737, 0.153865, -0.954424, -0.219396, 0.952257, 0.212303, 0.941522, 0.26369, -0.20977, -1692.34, -147.084, 3376.65 )

[node name="StaticBody23" parent="Buildings" index="8" instance=ExtResource( 18 )]
transform = Transform( -0.255737, 0.153865, -0.954424, -0.219396, 0.952257, 0.212303, 0.941522, 0.26369, -0.20977, 1993.61, -151.934, 3195.56 )

[node name="StaticBody24" parent="Buildings" index="9" instance=ExtResource( 18 )]
transform = Transform( -0.255737, 0.153865, -0.954424, -0.219396, 0.952257, 0.212303, 0.941522, 0.26369, -0.20977, -1143.39, -117.101, 3374.35 )

[node name="StaticBody37" parent="Buildings" index="10" instance=ExtResource( 18 )]
transform = Transform( -0.255737, 0.153865, -0.954424, -0.219396, 0.952257, 0.212303, 0.941522, 0.26369, -0.20977, -542.041, -157.269, 3268.29 )

[node name="StaticBody38" parent="Buildings" index="11" instance=ExtResource( 18 )]
transform = Transform( 0.97344, 0.199065, 0.113083, -0.219396, 0.952257, 0.212303, -0.0654221, -0.231474, 0.970639, -273.342, -174.932, 3363.07 )

[node name="StaticBody43" parent="Buildings" index="12" instance=ExtResource( 18 )]
transform = Transform( 0.437323, -0.0985326, 0.893891, -0.219396, 0.952257, 0.212303, -0.872132, -0.28896, 0.394827, 88.7871, -174.932, 3111.54 )

[node name="StaticBody25" parent="Buildings" index="13" instance=ExtResource( 18 )]
transform = Transform( -0.255737, 0.153865, -0.954424, -0.219396, 0.952257, 0.212303, 0.941522, 0.26369, -0.20977, -1837.13, -148.845, 3187.29 )

[node name="StaticBody26" parent="Buildings" index="14" instance=ExtResource( 18 )]
transform = Transform( -0.255737, 0.153865, -0.954424, -0.219396, 0.952257, 0.212303, 0.941522, 0.26369, -0.20977, -2922.68, -156.015, 531.606 )

[node name="StaticBody28" parent="Buildings" index="15" instance=ExtResource( 18 )]
transform = Transform( -0.217684, 0.000816733, -0.976019, -0.257196, 0.964607, 0.0581702, 0.941522, 0.26369, -0.20977, -2756.39, -168.171, 2933.61 )

[node name="StaticBody29" parent="Buildings" index="16" instance=ExtResource( 18 )]
transform = Transform( -0.619805, 0.187417, -0.762048, 0.185689, 0.978513, 0.0896262, 0.762471, -0.0859529, -0.641288, 1828.88, -154.287, 3764.4 )

[node name="StaticBody30" parent="Buildings" index="17" instance=ExtResource( 18 )]
transform = Transform( -0.647012, -0.0956346, -0.756459, 0.68249, 0.36972, -0.630486, 0.339975, -0.924208, -0.173944, 2773.3, -91.258, 2136.41 )

[node name="StaticBody31" parent="Buildings" index="18" instance=ExtResource( 18 )]
transform = Transform( -0.647012, -0.0956346, -0.756459, 0.31822, 0.867701, -0.381877, 0.692901, -0.4878, -0.53098, -3312.7, -154.948, -12.7036 )

[node name="StaticBody32" parent="Buildings" index="19" instance=ExtResource( 18 )]
transform = Transform( 0.604682, -0.0963684, -0.790616, -0.00277704, 0.992392, -0.123087, 0.796462, 0.0766241, 0.599814, 1484.14, -162.997, 3558.88 )

[node name="StaticBody33" parent="Buildings" index="20" instance=ExtResource( 18 )]
transform = Transform( 0.604682, -0.0963684, -0.790616, -0.00277704, 0.992392, -0.123087, 0.796462, 0.0766241, 0.599814, -1009.35, -161.935, 3636.06 )

[node name="StaticBody34" parent="Buildings" index="21" instance=ExtResource( 18 )]
transform = Transform( 0.604682, -0.0963684, -0.790616, -0.00277704, 0.992392, -0.123087, 0.796462, 0.0766241, 0.599814, -1594.54, -161.935, 2677.64 )

[node name="StaticBody35" parent="Buildings" index="22" instance=ExtResource( 18 )]
transform = Transform( 0.604682, -0.0963684, -0.790616, -0.00277704, 0.992392, -0.123087, 0.796462, 0.0766241, 0.599814, -60.6486, -149.961, 3271.62 )

[node name="StaticBody36" parent="Buildings" index="23" instance=ExtResource( 18 )]
transform = Transform( 0.773469, 0.19139, 0.604248, -0.0910848, 0.97699, -0.19286, -0.627256, 0.0941332, 0.773104, 355.739, -149.961, 3854.05 )

[node name="StaticBody27" parent="Buildings" index="24" instance=ExtResource( 18 )]
transform = Transform( -0.259501, -0.160009, -0.952395, 0.382264, 0.888616, -0.25345, 0.886867, -0.429837, -0.169431, -2025.02, -132.237, 3797.74 )

[node name="StaticBody13" parent="Buildings" index="25" instance=ExtResource( 18 )]
transform = Transform( -0.258291, -0.0638356, -0.963956, -0.0165219, 0.997961, -0.0616605, 0.965926, 0, -0.258819, -2222.03, -173.306, 2335.89 )

[node name="StaticBody15" parent="Buildings" index="26" instance=ExtResource( 18 )]
transform = Transform( -0.233396, 0.432211, -0.871045, 0.419969, 0.852735, 0.310596, 0.877013, -0.29332, -0.38054, 2438.42, -140.866, 2204.47 )

[node name="StaticBody16" parent="Buildings" index="27" instance=ExtResource( 18 )]
transform = Transform( -0.256987, 0.118785, -0.959087, 0.0307439, 0.99292, 0.114738, 0.965926, 0, -0.258819, -377.212, -171.298, 3544.21 )

[node name="StaticBody17" parent="Buildings" index="28" instance=ExtResource( 18 )]
transform = Transform( -0.256987, 0.118785, -0.959087, 0.0307439, 0.99292, 0.114738, 0.965926, 0, -0.258819, -2121.99, -171.298, 2927.24 )

[node name="StaticBody39" parent="Buildings" index="29" instance=ExtResource( 18 )]
transform = Transform( 0.390078, -0.173173, -0.904351, -0.0566096, 0.975787, -0.211269, 0.91904, 0.133607, 0.370831, -2988.49, -148.922, 3127.92 )

[node name="StaticBody40" parent="Buildings" index="30" instance=ExtResource( 18 )]
transform = Transform( 0.938529, 0.266887, -0.218939, -0.222368, 0.952536, 0.207912, 0.264037, -0.146446, 0.95333, -3620.36, -144.883, 2151.13 )

[node name="StaticBody41" parent="Buildings" index="31" instance=ExtResource( 18 )]
transform = Transform( 0.817618, -0.49034, -0.301773, 0.51165, 0.859139, -0.00973025, 0.264037, -0.146446, 0.95333, -3266.72, -136.1, 1658.75 )

[node name="StaticBody42" parent="Buildings" index="32" instance=ExtResource( 18 )]
transform = Transform( 0.601265, -0.34994, 0.718347, 0.627092, 0.763813, -0.152794, -0.495214, 0.54234, 0.678698, -3605.72, -136.1, 1249.05 )

[node name="StaticBody18" parent="Buildings" index="33" instance=ExtResource( 18 )]
transform = Transform( -0.256987, 0.118785, -0.959087, 0.0307439, 0.99292, 0.114738, 0.965926, 0, -0.258819, -2872.67, -171.298, 2748.11 )

[node name="StaticBody19" parent="Buildings" index="34" instance=ExtResource( 18 )]
transform = Transform( -0.249973, -0.259207, -0.932912, -0.0670876, 0.965822, -0.250375, 0.965926, 0, -0.258819, -3432.25, -162.49, 3578.82 )

[node name="DestBuilding2" parent="Buildings" index="35" instance=ExtResource( 5 )]
transform = Transform( -0.259501, -0.160009, -0.952395, 0.838309, 0.4523, -0.304406, 0.479475, -0.877396, 0.0167648, -1226.68, -84.4564, 3550.41 )

[node name="DestBuilding7" parent="Buildings" index="36" instance=ExtResource( 5 )]
transform = Transform( -0.14834, 0.438421, 0.886444, -0.904284, 0.302722, -0.301047, -0.400331, -0.846255, 0.351551, -2495.65, -56.826, 3529.11 )

[node name="DestBuilding8" parent="Buildings" index="37" instance=ExtResource( 5 )]
transform = Transform( -0.999573, 0.00569476, 0.0286743, -0.0144768, 0.755711, -0.654746, -0.0253981, -0.654881, -0.755305, -2400.35, -105.665, 2427.45 )

[node name="DestBuilding3" parent="Buildings" index="38" instance=ExtResource( 20 )]
transform = Transform( 0.193814, -0.254516, -0.531321, 0.587743, 0.0451149, 0.192785, -0.0404649, -0.563764, 0.255296, -2165.56, -46.3644, 3034.87 )

[node name="DestBuilding4" parent="Buildings" index="39" instance=ExtResource( 19 )]
transform = Transform( -0.0309461, -0.798442, 0.601276, -0.833231, 0.352866, 0.42569, -0.552059, -0.487828, -0.676206, -1171.1, -60.8076, 3746.07 )

[node name="DestBuilding5" parent="Buildings" index="40" instance=ExtResource( 21 )]
transform = Transform( 0.67636, 0.163167, -0.718271, -0.0905136, 0.986176, 0.138794, 0.730989, -0.0288615, 0.681779, -822.901, -72.8149, 2621.04 )

[node name="DestBuilding9" parent="Buildings" index="41" instance=ExtResource( 21 )]
transform = Transform( 0.0343927, 0.142378, -0.989214, -0.0905136, 0.986176, 0.138794, 0.995301, 0.0847637, 0.0468048, -185.988, -113.205, 3102.1 )

[node name="DestBuilding6" parent="Buildings" index="42" instance=ExtResource( 21 )]
transform = Transform( -0.925222, -0.0317054, -0.3781, -0.0905136, 0.986176, 0.138794, 0.368473, 0.162639, -0.915301, 1419.96, -104.808, 3154.18 )

[node name="Vehicle2" parent="." index="27" instance=ExtResource( 14 )]
transform = Transform( -0.00063925, 0.0010706, -0.999999, 0.000666553, 0.999999, 0.00107017, 1, -0.000665859, -0.000639973, -56.991, 3.57054, 2444.55 )

[node name="DialogueTrigger" parent="." index="28" instance=ExtResource( 15 )]
transform = Transform( 1, 0, 0, 0, 1, 0, 0, 0, 1, 279.543, 11.9978, 2821.02 )

[node name="MotherCity" parent="." index="29" instance=ExtResource( 2 )]

[node name="Vehicle3" parent="." index="30" instance=ExtResource( 9 )]
transform = Transform( 0.00922616, -0.00107628, 0.999957, 0.000666553, 0.999999, 0.00107017, -0.999958, 0.000656641, 0.00922687, -56.2364, 3.62274, 2407.84 )

[node name="Vehicle4" parent="." index="31" instance=ExtResource( 9 )]
transform = Transform( 0.00922616, -0.00107628, 0.999957, 0.000666553, 0.999999, 0.00107017, -0.999958, 0.000656641, 0.00922687, -56.2364, 4.60444, 2352.01 )

[node name="Vehicle5" parent="." index="32" instance=ExtResource( 9 )]
transform = Transform( 0.331624, 0.000788573, -0.943411, 0.000666553, 0.999999, 0.00107017, 0.943412, -0.00098372, 0.331623, 59.7632, 3.75581, 2352.01 )

[node name="Vehicle6" parent="." index="33" instance=ExtResource( 9 )]
transform = Transform( 0.976366, -0.000419497, -0.216127, 0.000666553, 0.999999, 0.00107017, 0.216127, -0.00118894, 0.976364, 12.5598, 3.39937, 2527.8 )

[node name="Rocks" type="Spatial" parent="." index="34"]

[node name="Rock1" parent="Rocks" index="0" instance=ExtResource( 12 )]
transform = Transform( -97.9091, -24.6931, -163.797, -43.5813, -179.727, 53.1453, -159.812, 64.1406, 85.8576, -149.348, -239.257, -2049.23 )

[node name="Rock15" parent="Rocks" index="1" instance=ExtResource( 12 )]
transform = Transform( -108.81, 26.0966, -0.975693, -25.3443, -104.519, 30.9061, 6.29633, 30.2737, 107.543, 386.397, 13.3279, -1489.14 )

[node name="Rock16" parent="Rocks" index="2" instance=ExtResource( 12 )]
transform = Transform( -85.5353, -0.592204, -72.1455, -25.3443, -104.519, 30.9061, -67.5499, 39.9647, 79.7587, 1131.22, -76.7378, 1319.89 )

[node name="Rock17" parent="Rocks" index="3" instance=ExtResource( 12 )]
transform = Transform( 24.085, -36.8104, -2.54251, 2.1917, -1.60366, 43.9793, -36.8329, -24.1656, 0.954408, 2082.54, -9.76396, -1477.39 )

[node name="Rock18" parent="Rocks" index="4" instance=ExtResource( 12 )]
transform = Transform( -30.224, 5.45167, 31.5965, 22.686, 34.3209, 15.7788, -22.6585, 27.0908, -26.3484, 2022.35, -33.0224, -1535.4 )

[node name="Rock19" parent="Rocks" index="5" instance=ExtResource( 12 )]
transform = Transform( -35.4349, 42.8573, -42.2729, 35.9638, 54.4084, 25.014, 48.2735, -9.07525, -49.6656, 1966.36, -63.0099, -1541.29 )

[node name="Rock20" parent="Rocks" index="6" instance=ExtResource( 12 )]
transform = Transform( 71.4278, 155.945, 8.10255, 21.7099, -18.7406, 169.304, 154.639, -69.4003, -27.5113, 1908.16, -169.437, -2544.42 )

[node name="Rock21" parent="Rocks" index="7" instance=ExtResource( 12 )]
transform = Transform( 1.88936, -59.622, 161.022, -74.6303, -145.311, -52.9289, 154.639, -69.4003, -27.5113, 2687.44, -169.437, -1104.48 )

[node name="Rock6" parent="Rocks" index="8" instance=ExtResource( 12 )]
transform = Transform( 111.422, -223.611, -69.9173, 84.6512, -33.7674, 242.897, -218.459, -127.134, 58.4606, -255.592, -210.476, -4831.69 )

[node name="Rock2" parent="Rocks" index="9" instance=ExtResource( 16 )]
transform = Transform( -11.6878, 59.0035, 0.982479, -58.7962, -11.729, 4.94241, 5.03912, 0, 59.9465, 116.87, -28.6038, -1978.19 )

[node name="Rock3" parent="Rocks" index="10" instance=ExtResource( 11 )]
transform = Transform( 159.37, 0, -237.991, 0, 286.423, 0, 237.992, 0, 159.369, -1089.24, -3.65854, -4006.86 )

[node name="Rock5" parent="Rocks" index="11" instance=ExtResource( 11 )]
transform = Transform( 13.3317, -286.093, 3.37439, 277.348, 13.752, 70.1999, -70.2815, 0, 277.666, -787.307, -269.249, -4550.04 )

[node name="Rock4" parent="Rocks" index="12" instance=ExtResource( 16 )]
transform = Transform( 138.739, 0, 41.46, 0, 144.801, 0, -41.4601, 0, 138.739, 542.53, -3.66984, -3811.94 )

[node name="Rock8" parent="Rocks" index="13" instance=ExtResource( 16 )]
transform = Transform( -99.7324, 1.38735, 161.239, -5.1007, -189.52, -1.52427, 161.164, -5.13961, 99.7303, 672.45, -249.677, 2953.37 )

[node name="Rock7" parent="Rocks" index="14" instance=ExtResource( 13 )]
transform = Transform( 85.3884, -56.7973, -70.661, -57.6724, 40.8636, -102.538, 69.9487, 103.026, 1.71546, 1276.24, -59.475, 2454.21 )

[node name="Rock9" parent="Rocks" index="15" instance=ExtResource( 13 )]
transform = Transform( 94.2163, -64.2649, -13.8325, -64.9582, -94.7255, -2.35663, -10.0872, 9.75401, -114.022, 132.231, -82.0601, 2911.4 )

[node name="Rock11" parent="Rocks" index="16" instance=ExtResource( 13 )]
transform = Transform( -48.5383, -29.6986, 176.947, 103.626, -154.283, 2.53096, 146.471, 99.3116, 56.8468, 1881.75, -162.647, 2225.37 )

[node name="Rock12" parent="Rocks" index="17" instance=ExtResource( 13 )]
transform = Transform( -82.7731, -60.1218, -275.912, -268.014, -73.8347, 96.4921, -88.9434, 278.437, -33.9891, 2614.83, -479.985, 816.783 )

[node name="Rock13" parent="Rocks" index="18" instance=ExtResource( 13 )]
transform = Transform( 197.452, -41.7529, -42.1615, -58.9087, -120.361, -156.688, 7.11818, 162.106, -127.198, 710.835, -229.297, -1835.79 )

[node name="Rock14" parent="Rocks" index="19" instance=ExtResource( 13 )]
transform = Transform( 197.452, -41.7529, -42.1615, -29.8891, 56.5684, -195.997, 51.2596, 193.817, 48.1221, 617.834, -185.531, -2542.57 )

[node name="Rock22" parent="Rocks" index="20" instance=ExtResource( 13 )]
transform = Transform( -117.407, 143.06, 175.75, 226.444, 66.3653, 97.2501, 8.81154, 200.669, -157.458, 2310.68, -256.593, -1782.38 )

[node name="Rock10" parent="Rocks" index="21" instance=ExtResource( 13 )]
transform = Transform( -102.388, -90.2656, 108.276, -131.842, 108.683, -34.0686, -49.8921, -101.957, -132.176, 768.074, -139.664, 1782.87 )
